# Fix print output for fix 11
0.1  0
0.11  0
0.12  0
0.13  0
0.14  0
0.15  0
0.16  0
0.17  0
0.18  0
0.19  0
0.2  0
0.21  0
0.22  0
0.23  0
0.24  0
0.25  0
0.26  0
0.27  0
0.28  0
0.29  0
0.3  0
0.31  0
0.32  0
0.33  0
0.34  0
0.35  0
0.36  0
0.37  0
0.38  0
0.39  0
0.4  0
0.41  0
0.42  0
0.43  0
0.44  0
0.45  0
0.46  0
0.47  0
0.48  0
0.49  0
0.5  0
0.51  0
0.52  0
0.53  0
0.54  0
0.55  0
0.56  0
0.57  0
0.58  0
0.59  0
0.6  0
0.61  0
0.62  0
0.63  0
0.64  0
0.65  0
0.66  0
0.67  0
0.68  0
0.69  0
0.7  0
0.71  0
0.72  0
0.73  0
0.74  0
0.75  0
0.76  0
0.77  0
0.78  0
0.79  0
0.8  0
0.81  0
0.82  0
0.83  0
0.84  0
0.85  0
0.86  0
0.87  0
0.88  0
0.89  0
0.9  0
0.91  0
0.92  0
0.93  0
0.94  0
0.95  0
0.96  0
0.97  0
0.98  0
0.99  0
1  0
1.01  0
1.02  0
1.03  0
1.04  0
1.05  0
1.06  0
1.07  0
1.08  0
1.09  0
1.1  0
1.11  0
1.12  0
1.13  0
1.14  0
1.15  0
1.16  0
1.17  0
1.18  0
1.19  0
1.2  0
1.21  0
1.22  0
1.23  0
1.24  0
1.25  0
1.26  0
1.27  0
1.28  0
1.29  0
1.3  0
1.31  0
1.32  0
1.33  0
1.34  0
1.35  0
1.36  0
1.37  0
1.38  0
1.39  0
1.4  0
1.41  0
1.42  0
1.43  0
1.44  0
1.45  0
1.46  0
1.47  0
1.48  0
1.49  0
1.5  0
1.51  0
1.52  0
1.53  0
1.54  0
1.55  0
1.56  0
1.57  0
1.58  0
1.59  0
1.6  0
1.61  0
1.62  0
1.63  0
1.64  0
1.65  0
1.66  0
1.67  0
1.68  0
1.69  0
1.7  0
1.71  0
1.72  0
1.73  0
1.74  0
1.75  0
1.76  0
1.77  0
1.78  0
1.79  0
1.8  0
1.81  0
1.82  0
1.83  0
1.84  0
1.85  0
1.86  0
1.87  0
1.88  0
1.89  0
1.9  0
1.91  0
1.92  0
1.93  0
1.94  0
1.95  0
1.96  0
1.97  0
1.98  0
1.99  0
2  0
2.01  0
2.02  0
2.03  0
2.04  0
2.05  0
2.06  0
2.07  0
2.08  0
2.09  0
2.1  0
2.11  0
2.12  0
2.13  0
2.14  0
2.15  0
2.16  0
2.17  0
2.18  0
2.19  0
2.2  0
2.21  0
2.22  0
2.23  0
2.24  0
2.25  0
2.26  0
2.27  0
2.28  0
2.29  0
2.3  0
2.31  0
2.32  0
2.33  0
2.34  0
2.35  0
2.36  0
2.37  0
2.38  0
2.39  0
2.4  0
2.41  0
2.42  0
2.43  0
2.44  0
2.45  0
2.46  0
2.47  0
2.48  0
2.49  0
2.5  0
2.51  0
2.52  1.84883663163526e-10
2.53  0
2.54  0
2.55  0
2.56  0
2.57  2.81478708536009e-11
2.58  2.29159433283956e-10
2.59  0
2.6  0
2.61  1.52657142090338e-10
2.62  1.46876944962916e-11
2.63  0
2.64  7.64870334492737e-10
2.65  0
2.66  0
2.67  1.99438952745059e-10
2.68  0
2.69  4.91375688970187e-10
2.7  9.41141411620494e-10
2.71  0
2.72  0
2.73  0
2.74  1.03783285591222e-12
2.75  2.32585110884096e-11
2.76  4.29167382744615e-11
2.77  6.96026980762581e-11
2.78  5.19150466585192e-10
2.79  2.93704997668266e-10
2.8  0
2.81  3.80976110450114e-11
2.82  1.88352643043876e-10
2.83  0
2.84  0
2.85  0
2.86  4.09635788360745e-10
2.87  0
2.88  0
2.89  2.91718907198596e-11
2.9  0
2.91  1.6572850823931e-09
2.92  8.25249967604362e-10
2.93  0
2.94  5.58068426179849e-10
2.95  0
2.96  8.22342880988745e-10
2.97  6.12442416638419e-10
2.98  1.85092502617823e-11
2.99  0
3  3.34180781325962e-10
3.01  5.44313629507259e-10
3.02  0
3.03  0
3.04  3.60565080952814e-10
3.05  1.53224593609588e-10
3.06  6.17241533393084e-12
3.07  5.40494778469769e-10
3.08  0
3.09  1.48436175579637e-09
3.1  1.28734362457027e-09
3.11  0
3.12  3.28105076128515e-10
3.13  0
3.14  0
3.15  0
3.16  0
3.17  4.75355147298574e-11
3.18  1.02291026093804e-11
3.19  0
3.2  4.91471029914553e-10
3.21  0
3.22  0
3.23  3.83549309801245e-10
3.24  0
3.25  0
3.26  1.03455289567016e-09
3.27  0
3.28  0
3.29  3.96763119926822e-10
3.3  0
3.31  0
3.32  3.20519915276865e-10
3.33  0
3.34  7.19927378574604e-10
3.35  3.48415659417921e-14
3.36  2.10368652151968e-11
3.37  0
3.38  0
3.39  0
3.4  0
3.41  1.54720218715177e-09
3.42  0
3.43  0
3.44  0
3.45  0
3.46  3.38640807068388e-10
3.47  0
3.48  0
3.49  0
3.5  0
3.51  0
3.52  2.95847978179845e-11
3.53  8.02996435632364e-10
3.54  0
3.55  0
3.56  0
3.57  0
3.58  0
3.59  1.10848697520808e-11
3.6  0
3.61  0
3.62  0
3.63  0
3.64  0
3.65  2.37005695219002e-10
3.66  1.2453414705224e-10
3.67  0
3.68  0
3.69  4.94806182830125e-11
3.7  3.17555093416347e-10
3.71  0
3.72  6.06582130280355e-10
3.73  0
3.74  0
3.75  3.00258765336704e-10
3.76  0
3.77  0
3.78  4.04976293231155e-10
3.79  0
3.8  0
3.81  1.62621183849479e-10
3.82  0
3.83  0
3.84  0
3.85  0
3.86  4.00944588501203e-11
3.87  0
3.88  3.1620484869072e-10
3.89  3.05676793352401e-10
3.9  3.85322757620943e-10
3.91  0
3.92  0
3.93  1.56357879631653e-11
3.94  0
3.95  0
3.96  0
3.97  5.52018931075575e-10
3.98  3.5027871140759e-10
3.99  1.37766983963826e-11
4  0
4.01  0
4.02  0
4.03  4.18476947054687e-10
4.04  0
4.05  0
4.06  5.44976602433001e-10
4.07  8.99950513220085e-11
4.08  0
4.09  4.15259626262785e-10
4.1  1.23982248368039e-10
4.11  3.16728367639072e-11
4.12  1.90719729249211e-10
4.13  0
4.14  5.42589791478829e-10
4.15  1.53994199128877e-11
4.16  4.84877129265687e-11
4.17  0
4.18  4.99849540800294e-11
4.19  1.08036469552234e-09
4.2  1.74862159571622e-10
4.21  6.757529318446e-10
4.22  0
4.23  0
4.24  0
4.25  9.40313855998939e-10
4.26  7.28894132038406e-11
4.27  0
4.28  1.87833589151712e-10
4.29  1.3440086203062e-09
4.3  2.6573439164438e-10
4.31  0
4.32  0
4.33  0
4.34  2.00352997812965e-14
4.35  1.02638960736559e-09
4.36  0
4.37  9.56243844007982e-10
4.38  0
4.39  0
4.4  0
4.41  0
4.42  1.12445231099163e-09
4.43  7.62961182572175e-10
4.44  0
4.45  0
4.46  0
4.47  0
4.48  5.80956812649311e-10
4.49  0
4.5  0
4.51  0
4.52  0
4.53  6.64038218757022e-10
4.54  0
4.55  0
4.56  1.16033854346639e-12
4.57  1.01398525455448e-11
4.58  0
4.59  0
4.6  6.87187453794357e-12
4.61  0
4.62  0
4.63  1.0627569811034e-11
4.64  0
4.65  1.27299128658605e-12
4.66  3.1951402892614e-11
4.67  0
4.68  3.05281179958333e-10
4.69  3.1752993318035e-10
4.7  5.11128599283436e-11
4.71  1.11277611761245e-09
4.72  0
4.73  0
4.74  0
4.75  0
4.76  0
4.77  8.46961522761279e-13
4.78  0
4.79  1.51641571688956e-10
4.8  0
4.81  5.00861951126929e-11
4.82  5.02273089395234e-10
4.83  1.24689283622233e-10
4.84  1.9700291990579e-11
4.85  0
4.86  3.80724872982234e-10
4.87  6.13398554029633e-12
4.88  0
4.89  0
4.9  0
4.91  0
4.92  8.0848989278461e-10
4.93  0
4.94  0
4.95  4.95649291951393e-11
4.96  0
4.97  1.83933171946699e-10
4.98  8.37726870651436e-11
4.99  0
5  1.84417317598223e-10
5.01  0
5.02  6.45114237534451e-10
5.03  5.13440881159655e-10
5.04  0
5.05  1.71566091200669e-10
5.06  8.06441352500777e-11
5.07  0
5.08  0
5.09  0
5.1  0
5.11  5.67163723268449e-11
5.12  0
5.13  3.00489369997066e-10
5.14  0
5.15  0
5.16  8.70012548349241e-10
5.17  0
5.18  6.64678400365492e-10
5.19  3.38329886581606e-10
5.2  4.81804584530274e-10
5.21  0
5.22  9.3550195591362e-10
5.23  6.99510207425239e-12
5.24  0
5.25  4.21401212812799e-10
5.26  0
5.27  0
5.28  9.40729417634083e-10
5.29  0
5.3  0
5.31  0
5.32  0
5.33  0
5.34  1.07923832813055e-09
5.35  0
5.36  1.3933425046025e-09
5.37  3.69845752790845e-10
5.38  0
5.39  2.01806446370778e-11
5.4  8.74306212466771e-10
5.41  0
5.42  2.95993565546268e-11
5.43  0
5.44  0
5.45  2.11956193849928e-10
5.46  0
5.47  0
5.48  1.0817672268157e-09
5.49  0
5.5  0
5.51  5.16988260206482e-10
5.52  0
5.53  0
5.54  2.98981870010551e-10
5.55  0
5.56  2.55991765864496e-11
5.57  0
5.58  1.14914233332954e-10
5.59  0
5.6  0
5.61  6.39488908883548e-10
5.62  1.64054525244213e-11
5.63  0
5.64  1.11760808109667e-10
5.65  2.66261590590153e-11
5.66  2.86111876633181e-10
5.67  0
5.68  0
5.69  0
5.7  0
5.71  2.47537072798723e-10
5.72  3.73303440329643e-09
5.73  0
5.74  0
5.75  0
5.76  0
5.77  9.07186583254475e-10
5.78  0
5.79  0
5.8  1.05479173815587e-09
5.81  0
5.82  0
5.83  0
5.84  0
5.85  6.73489796588102e-10
5.86  6.12251995362521e-10
5.87  0
5.88  0
5.89  0
5.9  3.43269267276065e-10
5.91  1.55258451890792e-09
5.92  0
5.93  7.82675701101513e-10
5.94  1.66665906148177e-11
5.95  0
5.96  0
5.97  0
5.98  0
5.99  0
6  0
6.01  1.90082691100703e-09
6.02  0
6.03  5.21879050608226e-10
6.04  0
6.05  0
6.06  4.03088050761146e-10
6.07  0
6.08  0
6.09  0
6.1  9.14701822006797e-11
6.11  0
6.12  1.74047892923588e-09
6.13  9.20674081460977e-12
6.14  4.31520072546124e-11
6.15  0
6.16  0
6.17  0
6.18  0
6.19  0
6.2  0
6.21  1.55411501665685e-09
6.22  0
6.23  0
6.24  1.25357475910837e-11
6.25  1.20216137635255e-10
6.26  0
6.27  3.54418325937658e-10
6.28  0
6.29  0
6.3  0
6.31  0
6.32  2.88935288747478e-09
6.33  0
6.34  0
6.35  0
6.36  0
6.37  0
6.38  0
6.39  0
6.4  0
6.41  0
6.42  3.18224269336982e-12
6.43  3.22217208837681e-10
6.44  0
6.45  0
6.46  0
6.47  0
6.48  2.2883901040125e-10
6.49  3.51036537444647e-13
6.5  0
6.51  0
6.52  1.31847965774494e-10
6.53  1.58714488754614e-11
6.54  0
6.55  0
6.56  0
6.57  0
6.58  4.48877884654179e-10
6.59  4.13534099360128e-10
6.6  5.59934230178765e-10
6.61  1.13552700586762e-09
6.62  0
6.63  1.25995069835811e-09
6.64  0
6.65  0
6.66  2.07168337540934e-10
6.67  0
6.68  1.9813340153771e-10
6.69  1.00818572133882e-10
6.7  1.33003208962252e-11
6.71  0
6.72  2.504977575109e-10
6.73  0
6.74  5.57291999686532e-10
6.75  2.54670877130123e-11
6.76  0
6.77  7.05894360227728e-11
6.78  1.06801131071837e-10
6.79  0
6.8  0
6.81  0
6.82  0
6.83  1.59769366519724e-09
6.84  1.60590072954059e-10
6.85  6.81719709945291e-11
6.86  6.20332589089509e-10
6.87  0
6.88  1.21481348501911e-10
6.89  0
6.9  1.21663929165543e-10
6.91  0
6.92  0
6.93  4.11968247715856e-10
6.94  0
6.95  0
6.96  0
6.97  1.70117999747454e-10
6.98  1.14256095637491e-12
6.99  3.20121528068395e-10
7  0
7.01  6.6335699481194e-10
7.02  0
7.03  2.1669820603702e-09
7.04  0
7.05  1.78091829418015e-12
7.06  8.12154456690041e-10
7.07  0
7.08  9.39378114482348e-10
7.09  0
7.1  0
7.11  1.57621437999895e-11
7.12  0
7.13  2.98004973917455e-10
7.14  1.07794387668124e-10
7.15  0
7.16  2.96692061983218e-10
7.17  3.26921787453036e-10
7.18  2.08624457245652e-10
7.19  0
7.2  4.51970849958035e-11
7.21  2.28856017655942e-11
7.22  1.43116817219722e-09
7.23  1.3673902374447e-10
7.24  3.47788162066343e-10
7.25  0
7.26  0
7.27  0
7.28  0
7.29  0
7.3  1.26101886693168e-10
7.31  9.3383712643576e-10
7.32  0
7.33  2.0782929682163e-09
7.34  0
7.35  4.77692373457211e-11
7.36  0
7.37  0
7.38  0
7.39  0
7.4  0
7.41  0
7.42  0
7.43  3.81244869613155e-10
7.44  9.33066778598861e-10
7.45  2.85316049484759e-11
7.46  1.08636641401006e-12
7.47  0
7.48  0
7.49  0
7.5  0
7.51  4.10625272670589e-11
7.52  0
7.53  2.7899401148521e-09
7.54  9.9995366427381e-10
7.55  0
7.56  0
7.57  0
7.58  0
7.59  0
7.6  0
7.61  1.82210897966135e-09
7.62  0
7.63  7.61647094621139e-10
7.64  0
7.65  5.61342849629969e-10
7.66  0
7.67  1.38599365260242e-09
7.68  0
7.69  0
7.7  0
7.71  0
7.72  3.89409397186781e-12
7.73  0
7.74  0
7.75  0
7.76  1.55958126818672e-09
7.77  1.50597070578384e-09
7.78  0
7.79  0
7.8  0
7.81  0
7.82  0
7.83  6.42747489906692e-10
7.84  1.94886089241192e-11
7.85  0
7.86  0
7.87  0
7.88  0
7.89  3.1727878149849e-10
7.9  2.94037155732162e-09
7.91  0
7.92  1.70958689627837e-09
7.93  7.38729830725691e-11
7.94  0
7.95  0
7.96  0
7.97  0
7.98  0
7.99  0
8  0
8.01  0
8.02  2.48532790292362e-12
8.03  2.10648027645504e-09
8.04  0
8.05  9.99372242988242e-10
8.06  0
8.07  0
8.08  0
8.09  0
8.1  0
8.11  0
8.12  1.01509302669845e-09
8.13  0
8.14  3.28607184838282e-09
8.15  0
8.16  1.55072498824287e-10
8.17  0
8.18  0
8.19  0
8.2  2.92360764660345e-11
8.21  0
8.22  0
8.23  3.87113616424159e-11
8.24  0
8.25  6.74096465908676e-10
8.26  0
8.27  8.03531656978664e-11
8.28  0
8.29  0
8.3  0
8.31  1.79742786671781e-12
8.32  7.09727853959798e-10
8.33  0
8.34  0
8.35  0
8.36  1.45341925014133e-10
8.37  0
8.38  0
8.39  2.91675149686495e-10
8.4  0
8.41  0
8.42  0
8.43  7.04060674992768e-11
8.44  0
8.45  0
8.46  4.71743806040157e-13
8.47  7.58030724484031e-10
8.48  5.17955065597239e-11
8.49  0
8.5  0
8.51  0
8.52  0
8.53  1.27512137643719e-10
8.54  6.43642920472677e-12
8.55  1.35990144357648e-09
8.56  1.5596497038158e-09
8.57  0
8.58  5.27379994078681e-10
8.59  9.3859074904757e-10
8.6  0
8.61  0
8.62  0
8.63  0
8.64  1.43021745927593e-09
8.65  0
8.66  0
8.67  0
8.68  3.9075901070239e-11
8.69  0
8.7  4.77091438558793e-10
8.71  0
8.72  1.29212066026524e-09
8.73  0
8.74  1.40108236929039e-09
8.75  6.38003334628237e-10
8.76  0
8.77  9.56799428210473e-10
8.78  0
8.79  2.33901905942883e-09
8.8  2.21804301721142e-09
8.81  8.18347055817529e-10
8.82  6.7064926258379e-10
8.83  0
8.84  0
8.85  5.41475359970056e-15
8.86  0
8.87  2.44326488647462e-09
8.88  4.11569819720232e-10
8.89  0
8.9  0
8.91  0
8.92  0
8.93  0
8.94  0
8.95  0
8.96  0
8.97  3.34345593902333e-10
8.98  2.32884335142898e-09
8.99  0
9  0
9.01  0
9.02  0
9.03  2.69104586304558e-11
9.04  0
9.05  0
9.06  6.54347362983563e-10
9.07  0
9.08  0
9.09  0
9.1  0
9.11  4.37007517885309e-11
9.12  0
9.13  0
9.14  2.97408846160039e-09
9.15  0
9.16  0
9.17  4.65627790383782e-10
9.18  0
9.19  0
9.2  0
9.21  0
9.22  1.08585477049351e-10
9.23  1.79183700356155e-09
9.24  1.04063345187321e-09
9.25  0
9.26  0
9.27  0
9.28  0
9.29  0
9.3  8.98909768859467e-11
9.31  1.50711978655927e-09
9.32  0
9.33  3.84339132201544e-10
9.34  2.33948890457869e-11
9.35  0
9.36  0
9.37  0
9.38  0
9.39  0
9.4  0
9.41  0
9.42  0
9.43  0
9.44  0
9.45  0
9.46  3.73322432444111e-13
9.47  0
9.48  0
9.49  2.29690434130136e-10
9.5  3.53119959358719e-10
9.51  2.60802329117783e-10
9.52  5.48631484637654e-10
9.53  0
9.54  6.81917515278143e-10
9.55  3.99217658639574e-10
9.56  2.5212969012792e-11
9.57  1.24603946620567e-09
9.58  0
9.59  5.45038633910583e-10
9.6  1.04142141873071e-09
9.61  4.87637461100592e-11
9.62  0
9.63  0
9.64  0
9.65  0
9.66  0
9.67  2.00121067435391e-10
9.68  0
9.69  3.86690798438832e-10
9.7  6.39738107401778e-10
9.71  0
9.72  1.0629030086234e-09
9.73  0
9.74  3.36302465312854e-10
9.75  0
9.76  9.39326953595094e-10
9.77  3.59694886118598e-10
9.78  1.12682658631281e-09
9.79  0
9.8  0
9.81  0
9.82  0
9.83  1.54556128327503e-10
9.84  6.47419240858639e-11
9.85  3.64805813041296e-10
9.86  1.99149137851278e-09
9.87  0
9.88  0
9.89  5.19486165283809e-11
9.9  0
9.91  3.43675601544174e-10
9.92  4.46797674047534e-12
9.93  9.00575550361419e-11
9.94  4.4966690958626e-10
9.95  3.40879591193262e-10
9.96  2.09668494516e-10
9.97  0
9.98  1.56264899731328e-10
9.99  5.17636371535017e-10
10  2.16214320894326e-10
10.01  4.13024505216957e-12
10.02  0
10.03  0
10.04  1.38207352746817e-11
10.05  9.98286346143305e-10
10.06  0
10.07  6.80134519169424e-10
10.08  1.1276022291997e-10
10.09  1.55367954939883e-10
10.1  7.20166979380408e-11
10.11  0
10.12  0
10.13  0
10.14  0
10.15  0
10.16  0
10.17  0
10.18  0
10.19  0
10.2  9.49226643043476e-10
10.21  2.70962316683694e-09
10.22  1.56423171988068e-09
10.23  1.64640058968724e-09
10.24  0
10.25  9.06255464631342e-10
10.26  2.02858336892784e-12
10.27  1.94439002367575e-09
10.28  9.11254354284916e-11
10.29  1.42333026332607e-10
10.3  0
10.31  0
10.32  0
10.33  0
10.34  0
10.35  0
10.36  1.32197876764164e-09
10.37  1.93911814546414e-10
10.38  0
10.39  3.87735293586031e-10
10.4  1.43889484699103e-09
10.41  0
10.42  3.21277045520029e-10
10.43  0
10.44  5.34951299296373e-10
10.45  1.46213161222043e-10
10.46  0
10.47  8.10158918908908e-11
10.48  5.1691612239883e-10
10.49  2.32410186857932e-11
10.5  4.64598574570277e-10
10.51  2.11351618182233e-11
10.52  0
10.53  1.0623360574289e-09
10.54  0
10.55  5.20972548258889e-10
10.56  2.69746298426603e-10
10.57  0
10.58  0
10.59  0
10.6  0
10.61  6.00908955027365e-13
10.62  1.26121931622213e-09
10.63  0
10.64  3.29634182057675e-10
10.65  0
10.66  1.17621119570504e-09
10.67  9.08043943304568e-10
10.68  2.28017672536305e-10
10.69  1.64006144383002e-09
10.7  3.16410784321179e-10
10.71  0
10.72  6.55819485957653e-10
10.73  0
10.74  0
10.75  1.28765269389797e-10
10.76  0
10.77  9.83285757116902e-14
10.78  0
10.79  0
10.8  5.98887398569582e-10
10.81  2.3911157948487e-10
10.82  1.98674348050657e-09
10.83  8.91973102408846e-10
10.84  3.06917927500702e-10
10.85  1.38233456776345e-09
10.86  1.68728408980937e-09
10.87  2.58535834122135e-10
10.88  2.80183741321293e-09
10.89  0
10.9  2.4081870725797e-11
10.91  0
10.92  9.8793634536352e-13
10.93  0
10.94  0
10.95  0
10.96  0
10.97  0
10.98  0
10.99  0
11  7.73219974542386e-11
11.01  0
11.02  0
11.03  5.06715739592818e-10
11.04  0
11.05  7.23891632465446e-10
11.06  0
11.07  1.15273198189223e-09
11.08  3.01304806665573e-09
11.09  0
11.1  7.16407924678883e-10
11.11  0
11.12  1.10758235621717e-09
11.13  0
11.14  1.10606121432912e-09
11.15  0
11.16  0
11.17  2.98797075000645e-10
11.18  0
11.19  0
11.2  0
11.21  0
11.22  9.06313870791973e-10
11.23  0
11.24  0
11.25  1.13625160353706e-09
11.26  0
11.27  5.088855360175e-11
11.28  0
11.29  2.99767970937348e-10
11.3  9.6921252776068e-12
11.31  1.06066638184321e-10
11.32  1.65890325432537e-13
11.33  0
11.34  2.97019026314774e-13
11.35  0
11.36  0
11.37  0
11.38  1.53959270521974e-10
11.39  0
11.4  1.46805159857795e-10
11.41  1.49413289050327e-09
11.42  0
11.43  1.07341714571811e-09
11.44  1.24703501048708e-09
11.45  1.98776141200402e-09
11.46  1.29375195031739e-09
11.47  0
11.48  0
11.49  3.49331223319384e-11
11.5  0
11.51  1.00930951546111e-10
11.52  0
11.53  0
11.54  1.71779483992456e-09
11.55  0
11.56  0
11.57  0
11.58  1.71821571680119e-10
11.59  9.41929962729814e-10
11.6  7.94892432974269e-10
11.61  0
11.62  1.57030361129837e-10
11.63  1.87710279288845e-09
11.64  0
11.65  1.86760717303559e-10
11.66  0
11.67  0
11.68  6.40956996372184e-10
11.69  0
11.7  2.80098842130295e-10
11.71  0
11.72  0
11.73  1.7786345542966e-14
11.74  0
11.75  0
11.76  0
11.77  3.35804213886431e-10
11.78  0
11.79  7.41267711788188e-10
11.8  4.08689431276976e-10
11.81  6.0188515076617e-10
11.82  6.21956619115451e-10
11.83  8.34842173592464e-10
11.84  8.37673621945687e-11
11.85  1.95813971411171e-09
11.86  3.17952948983654e-10
11.87  9.82325081066513e-10
11.88  3.6133275170149e-10
11.89  1.92963990110794e-09
11.9  1.91246473701294e-09
11.91  7.46481961798646e-10
11.92  0
11.93  0
11.94  0
11.95  0
11.96  0
11.97  1.04508998597447e-10
11.98  7.58670987122954e-10
11.99  0
12  0
12.01  0
12.02  0
12.03  0
12.04  0
12.05  1.39620681141927e-10
12.06  3.89163438824305e-11
12.07  0
12.08  9.13817957838368e-10
12.09  2.83577554874563e-09
12.1  3.60645751584531e-09
12.11  0
12.12  7.0763726793674e-10
12.13  0
12.14  8.48403130149514e-10
12.15  2.00536246432951e-10
12.16  0
12.17  0
12.18  0
12.19  0
12.2  0
12.21  1.25571085546499e-09
12.22  0
12.23  2.09669915186103e-09
12.24  0
12.25  2.38540917508199e-09
12.26  1.68488594678408e-10
12.27  0
12.28  8.76110929856115e-10
12.29  1.77905168173035e-12
12.3  1.11370473115041e-11
12.31  0
12.32  4.98002111294971e-10
12.33  0
12.34  8.3563110800369e-10
12.35  2.33391863505323e-10
12.36  0
12.37  0
12.38  0
12.39  0
12.4  1.55177396177717e-09
12.41  2.42316121293429e-10
12.42  1.7851071455453e-09
12.43  0
12.44  0
12.45  2.67040319474629e-09
12.46  8.34748172145561e-11
12.47  0
12.48  0
12.49  0
12.5  1.50672186332182e-09
12.51  0
12.52  0
12.53  1.3351681594194e-10
12.54  0
12.55  3.08273712803255e-10
12.56  0
12.57  0
12.58  2.18229188553063e-09
12.59  2.38525273407334e-10
12.6  0
12.61  1.01229705857886e-09
12.62  0
12.63  9.07146169415898e-11
12.64  9.55162858225163e-10
12.65  0
12.66  2.76031535967719e-10
12.67  0
12.68  0
12.69  3.07839430038107e-10
12.7  0
12.71  2.51348157550302e-10
12.72  0
12.73  4.10735407193929e-10
12.74  1.06345827801681e-09
12.75  8.85224158429415e-11
12.76  4.3505664715354e-10
12.77  0
12.78  1.45305420800873e-09
12.79  2.31501772707939e-09
12.8  6.9319906798513e-11
12.81  2.8553338937995e-10
12.82  1.435512973069e-09
12.83  2.26932527022022e-11
12.84  2.39348619377055e-09
12.85  2.15292701964303e-11
12.86  1.22005733515359e-09
12.87  1.02764459118511e-09
12.88  1.10251637265095e-10
12.89  4.16236356714818e-10
12.9  7.90955156201427e-11
12.91  0
12.92  0
12.93  0
12.94  0
12.95  0
12.96  0
12.97  1.17275688651154e-09
12.98  0
12.99  1.74012987567466e-10
13  0
13.01  6.77129404589961e-13
13.02  2.10056563696624e-11
13.03  7.37374700805135e-11
13.04  5.00334883969014e-10
13.05  8.03405183313791e-10
13.06  2.58465184977821e-10
13.07  4.29476980851867e-10
13.08  1.8235960281984e-10
13.09  0
13.1  0
13.11  4.04481937384666e-10
13.12  1.53440865035856e-10
13.13  0
13.14  1.77728762875025e-10
13.15  0
13.16  6.6225690317277e-11
13.17  2.92012992082083e-10
13.18  2.21903397774519e-11
13.19  0
13.2  1.20600793798138e-09
13.21  0
13.22  9.7042565118886e-10
13.23  1.66296123579892e-09
13.24  1.6749477649526e-09
13.25  5.1382915031197e-10
13.26  6.27327033950193e-10
13.27  0
13.28  1.68009968535298e-11
13.29  0
13.3  9.4438862990176e-14
13.31  0
13.32  1.41700627849796e-10
13.33  6.51911543570719e-10
13.34  0
13.35  4.47904438532364e-11
13.36  0
13.37  2.07736495318845e-10
13.38  0
13.39  0
13.4  2.67580332854112e-10
13.41  0
13.42  4.43384122601665e-10
13.43  4.14223187250179e-11
13.44  0
13.45  2.54855357219138e-09
13.46  3.56941571515497e-10
13.47  0
13.48  2.15024496693848e-09
13.49  0
13.5  3.53320857240389e-10
13.51  1.43702401778752e-09
13.52  0
13.53  5.89134312673019e-10
13.54  0
13.55  0
13.56  0
13.57  0
13.58  0
13.59  0
13.6  2.00965943515809e-10
13.61  8.83150743584585e-10
13.62  0
13.63  2.02123506841392e-10
13.64  1.35735772665796e-09
13.65  1.20825507138388e-09
13.66  1.66856904187796e-09
13.67  1.25383069618612e-09
13.68  1.39682007258417e-10
13.69  1.61545661989541e-09
13.7  7.3640779978706e-10
13.71  4.93317453214153e-10
13.72  8.77801913973773e-10
13.73  0
13.74  2.46819398471744e-09
13.75  1.4075553712739e-10
13.76  2.02040818957988e-10
13.77  7.86195924686322e-10
13.78  0
13.79  2.18215406047303e-12
13.8  7.9254101067145e-12
13.81  4.4247339460155e-09
13.82  0
13.83  1.66531092969649e-09
13.84  4.78788129420551e-10
13.85  3.46969882968082e-09
13.86  3.19211371926614e-10
13.87  2.26623972278921e-09
13.88  0
13.89  8.56384048066176e-10
13.9  0
13.91  8.88932771245157e-10
13.92  7.76248249234427e-11
13.93  2.0928629636633e-10
13.94  2.46437780642344e-11
13.95  3.59423618130851e-10
13.96  1.15216078909627e-09
13.97  4.68091940669435e-10
13.98  2.92323057447629e-11
13.99  0
14  7.04682019040941e-10
14.01  0
14.02  0
14.03  0
14.04  0
14.05  0
14.06  7.13739241449317e-13
14.07  0
14.08  5.065184445839e-11
14.09  1.00427689854724e-14
14.1  0
14.11  1.75649748136241e-11
14.12  0
14.13  0
14.14  0
14.15  1.31555002809654e-09
14.16  2.26005172026906e-10
14.17  7.0197961140409e-10
14.18  8.03050162601638e-10
14.19  1.53103367019864e-09
14.2  3.64596470734762e-10
14.21  1.00486933617816e-09
14.22  2.84034778449473e-11
14.23  2.50339822403712e-09
14.24  0
14.25  1.93857986406668e-09
14.26  1.22325569010235e-09
14.27  0
14.28  0
14.29  0
14.3  0
14.31  0
14.32  0
14.33  0
14.34  3.80607193582595e-10
14.35  1.26339737558094e-10
14.36  0
14.37  5.10930600191072e-10
14.38  0
14.39  3.89602998048719e-11
14.4  0
14.41  2.7904497717487e-09
14.42  0
14.43  8.13811272129643e-12
14.44  5.80539492452761e-10
14.45  7.57612964127968e-10
14.46  1.12287308247772e-09
14.47  0
14.48  3.34173691659289e-10
14.49  0
14.5  9.14899515894197e-10
14.51  0
14.52  9.97960576429779e-11
14.53  4.21490491726891e-10
14.54  1.25041064211762e-09
14.55  0
14.56  0
14.57  7.07093023766266e-10
14.58  9.06126543109865e-10
14.59  8.72596162717805e-10
14.6  0
14.61  1.73069334896322e-09
14.62  1.30077096249906e-09
14.63  2.49587996314034e-09
14.64  1.28512050001908e-09
14.65  4.47831548488174e-10
14.66  1.49543672978989e-09
14.67  7.08736800911051e-10
14.68  2.20108812268542e-09
14.69  0
14.7  9.75725114617433e-10
14.71  3.20637481938445e-11
14.72  6.35054709768813e-10
14.73  8.63892059988298e-10
14.74  3.11933742846181e-11
14.75  7.9969934066615e-10
14.76  4.38032113588461e-10
14.77  0
14.78  0
14.79  0
14.8  2.23894942687287e-10
14.81  1.46376992339988e-09
14.82  0
14.83  4.814791442708e-11
14.84  0
14.85  1.04977089169615e-09
14.86  1.26997162252151e-10
14.87  8.35995127364372e-11
14.88  0
14.89  9.51569821469568e-13
14.9  1.95475518912541e-09
14.91  1.09071894602154e-09
14.92  5.00996361383181e-10
14.93  0
14.94  7.56177196221022e-10
14.95  2.12796464807435e-10
14.96  1.27433203204316e-09
14.97  0
14.98  3.21691738220186e-09
14.99  1.9667294127993e-10
15  3.69110607713078e-10
15.01  2.66885567339061e-09
15.02  0
15.03  9.34178173485674e-10
15.04  0
15.05  6.13999182736548e-10
15.06  5.67286738847694e-10
15.07  2.02498003566199e-09
15.08  6.8659062250404e-10
15.09  3.86935542650164e-09
15.1  5.04483448768304e-10
15.11  5.34452012241218e-10
15.12  9.26649611068499e-12
15.13  8.83813340040504e-10
15.14  0
15.15  0
15.16  0
15.17  1.78533852858038e-10
15.18  5.28541205245977e-11
15.19  2.76557507259371e-09
15.2  1.20025637222168e-09
15.21  0
15.22  1.41957983648272e-10
15.23  0
15.24  0
15.25  0
15.26  3.63420651514166e-11
15.27  2.21887352350229e-10
15.28  0
15.29  0
15.3  1.30415907630975e-09
15.31  9.54968249710642e-11
15.32  4.72694969484167e-10
15.33  5.3059176474961e-11
15.34  7.04307773483301e-10
15.35  5.96839879122951e-10
15.36  3.01210258468842e-10
15.37  2.76262031843329e-11
15.38  0
15.39  8.43824409402911e-10
15.4  0
15.41  1.13752518168648e-09
15.42  0
15.43  1.47161491080329e-09
15.44  1.1063274599257e-09
15.45  7.9265629392626e-10
15.46  0
15.47  0
15.48  1.45228343222689e-09
15.49  1.96082934221916e-09
15.5  1.21900458749559e-09
15.51  4.92742951247094e-10
15.52  1.24135640427453e-09
15.53  1.75140755775557e-11
15.54  1.16869808877406e-09
15.55  9.38183006253812e-11
15.56  1.85717394902095e-09
15.57  0
15.58  2.2498092215554e-09
15.59  4.89151108918114e-10
15.6  0
15.61  0
15.62  3.2724443914341e-13
15.63  1.26447345003648e-11
15.64  5.46068984856845e-10
15.65  9.30434987290695e-11
15.66  1.79524222162452e-10
15.67  1.68594726086681e-09
15.68  1.05416372611503e-09
15.69  1.01312082139068e-09
15.7  2.38543823607264e-09
15.71  0
15.72  0
15.73  0
15.74  0
15.75  0
15.76  1.01215025623573e-09
15.77  0
15.78  1.08479627644636e-09
15.79  2.45094957551453e-10
15.8  3.32248040380602e-10
15.81  1.3101838933856e-09
15.82  0
15.83  2.73448090357952e-09
15.84  5.20486325448676e-10
15.85  1.91452003614133e-10
15.86  2.0888337810157e-10
15.87  4.99304367257673e-12
15.88  0
15.89  1.52271005832257e-09
15.9  0
15.91  0
15.92  0
15.93  2.12727010158653e-10
15.94  0
15.95  5.92466824849168e-11
15.96  9.97104219482272e-10
15.97  0
15.98  1.18456917815732e-10
15.99  1.92841403113679e-10
16  2.02758965223958e-09
16.01  0
16.02  3.18774348614553e-09
16.03  1.9023273402421e-10
16.04  1.44899779284691e-09
16.05  2.4000070624887e-09
16.06  7.55173711324962e-13
16.07  1.2714778722716e-09
16.08  0
16.09  0
16.1  0
16.11  6.32285144003584e-10
16.12  8.07386535883364e-10
16.13  1.77915338292313e-09
16.14  1.11780521447109e-09
16.15  1.72911185253753e-09
16.16  5.52290514450794e-10
16.17  1.0913247952346e-09
16.18  2.43694976188269e-10
16.19  0
16.2  1.95720166798018e-10
16.21  0
16.22  0
16.23  1.70640358558545e-10
16.24  1.14070113474081e-12
16.25  2.90070407224661e-10
16.26  6.7484238320437e-10
16.27  2.85698741988277e-10
16.28  1.80137689202767e-10
16.29  1.22580890463037e-09
16.3  0
16.31  0
16.32  6.25322943367056e-10
16.33  0
16.34  1.39753997450481e-10
16.35  6.46032021032571e-10
16.36  0
16.37  0
16.38  3.63785510566508e-11
16.39  9.51685572896154e-11
16.4  1.04081560563226e-09
16.41  5.76310038042602e-11
16.42  1.56748931431423e-10
16.43  1.25778474029903e-09
16.44  9.78206580844962e-10
16.45  9.36240714322031e-10
16.46  0
16.47  1.61911027282414e-09
16.48  4.04524677125494e-10
16.49  1.26380717172859e-10
16.5  3.51546771186216e-10
16.51  1.04684809107261e-11
16.52  6.23983668619549e-11
16.53  6.66562955699647e-12
16.54  0
16.55  1.62110840963251e-09
16.56  2.29860822463101e-10
16.57  5.11592835524378e-10
16.58  2.19063248498127e-09
16.59  3.42905286435854e-11
16.6  2.89874614625831e-09
16.61  1.1921541416228e-13
16.62  2.81590901422758e-09
16.63  2.39330044060879e-09
16.64  3.3385526687101e-09
16.65  6.47548948887553e-10
16.66  0
16.67  0
16.68  0
16.69  0
16.7  0
16.71  0
16.72  5.32958255949901e-10
16.73  1.63720717041847e-10
16.74  1.08360062258092e-09
16.75  1.79987379453544e-09
16.76  0
16.77  0
16.78  4.04834755108466e-12
16.79  0
16.8  0
16.81  1.50899852096525e-09
16.82  2.61806559006442e-12
16.83  1.39053897550891e-09
16.84  3.80328214037674e-10
16.85  0
16.86  7.5001795271388e-10
16.87  6.93607930930954e-10
16.88  2.63887181847089e-11
16.89  3.29133368504467e-10
16.9  2.04736683154333e-10
16.91  1.74138920099456e-09
16.92  1.42884230208032e-09
16.93  5.58961360066538e-10
16.94  1.44810549503422e-09
16.95  0
16.96  3.45398405827964e-12
16.97  4.02150233135287e-10
16.98  0
16.99  8.68186045315244e-14
17  5.85464456604656e-10
17.01  3.4518907819793e-11
17.02  0
17.03  1.06672724000517e-11
17.04  8.82174197217639e-11
17.05  4.1129644389063e-10
17.06  1.67638233006136e-12
17.07  2.58267366958767e-11
17.08  5.45306861088947e-12
17.09  0
17.1  5.33138058883133e-10
17.11  9.64985643243907e-12
17.12  7.02913935157705e-10
17.13  1.53960174827568e-09
17.14  1.5370648064525e-09
17.15  1.18307615660323e-11
17.16  0
17.17  1.0401595512021e-09
17.18  5.15183383605956e-10
17.19  1.38786402731015e-09
17.2  2.44433952403736e-10
17.21  0
17.22  0
17.23  1.78570888215166e-09
17.24  1.36218093215688e-09
17.25  8.4027896826373e-11
17.26  8.72180217962198e-11
17.27  4.15818189637889e-10
17.28  4.97188035914076e-12
17.29  1.42178449154748e-09
17.3  9.31165496049855e-10
17.31  7.93451073705421e-10
17.32  4.18985871866576e-11
17.33  6.80976081536575e-10
17.34  4.18264984551712e-10
17.35  1.26872293657152e-10
17.36  8.41719592429425e-11
17.37  3.70235360060958e-10
17.38  8.34488140673376e-10
17.39  0
17.4  7.93145645086726e-10
17.41  1.87358682471055e-09
17.42  0
17.43  2.05492582897129e-09
17.44  2.2364856713958e-10
17.45  0
17.46  0
17.47  0
17.48  1.69296510054086e-09
17.49  0
17.5  0
17.51  3.48400131486555e-10
17.52  4.02801814526359e-11
17.53  1.40988049900245e-09
17.54  2.22885140812726e-09
17.55  3.37801520252179e-09
17.56  0
17.57  2.48076091866788e-09
17.58  2.34089777772919e-10
17.59  0
17.6  2.55242316879197e-11
17.61  0
17.62  0
17.63  4.16137523918404e-10
17.64  4.22633233863671e-10
17.65  0
17.66  1.50447098082531e-09
17.67  2.44322067644614e-12
17.68  0
17.69  5.957781290848e-10
17.7  8.14795230835981e-10
17.71  1.57343438523408e-10
17.72  1.41969556149993e-09
17.73  5.89154029537287e-10
17.74  5.82190667850838e-10
17.75  2.63849912655183e-10
17.76  1.46181335956835e-10
17.77  1.48738868716371e-10
17.78  2.06795974324363e-10
17.79  1.8482217087498e-11
17.8  4.32894872862336e-10
17.81  0
17.82  7.51602340280524e-11
17.83  1.80265917447886e-10
17.84  2.49904066674124e-09
17.85  1.03880172260618e-09
17.86  1.74500490031162e-09
17.87  1.85259944607815e-09
17.88  3.15932242703778e-11
17.89  7.39482780101525e-10
17.9  1.58152862493618e-10
17.91  3.56211790948432e-10
17.92  2.81271842457095e-10
17.93  4.72891431997372e-10
17.94  0
17.95  6.59495206688277e-11
17.96  2.97763596208092e-10
17.97  0
17.98  1.43686732114265e-09
17.99  7.16193838560856e-10
18  1.51687015697963e-09
18.01  8.36654220056826e-10
18.02  4.60162216321505e-10
18.03  3.55741593406241e-14
18.04  3.47339853143973e-11
18.05  1.42342606604458e-09
18.06  2.10843261030737e-09
18.07  1.61824183013817e-10
18.08  1.1959312880547e-10
18.09  1.93348796743681e-10
18.1  2.86711443444017e-11
18.11  2.90721034923694e-10
18.12  0
18.13  5.30626964543518e-10
18.14  1.6766571903178e-09
18.15  4.30184774654211e-09
18.16  0
18.17  1.8371342584655e-09
18.18  5.96974206926662e-10
18.19  1.78911755659394e-10
18.2  0
18.21  0
18.22  3.48660199821111e-12
18.23  1.31172972979457e-11
18.24  0
18.25  1.04520335465819e-10
18.26  6.01303025978706e-10
18.27  3.1492420085028e-10
18.28  6.37335314883117e-10
18.29  2.38034117302746e-10
18.3  1.22653183294166e-09
18.31  0
18.32  8.89625959122471e-11
18.33  7.404035963791e-12
18.34  9.40512750564746e-10
18.35  3.82128099982697e-11
18.36  8.03818636949738e-11
18.37  6.76161321005923e-10
18.38  1.67850801726068e-09
18.39  0
18.4  1.72713541395902e-09
18.41  2.17059612761055e-12
18.42  0
18.43  7.22391979429253e-10
18.44  0
18.45  2.04860196756002e-09
18.46  2.83424840851738e-10
18.47  1.74976771940986e-09
18.48  2.44481459343167e-09
18.49  0
18.5  7.91302004854734e-11
18.51  1.82707738593547e-09
18.52  6.06696277190784e-11
18.53  2.47565142167468e-09
18.54  3.68767139118748e-10
18.55  1.97765843984805e-10
18.56  9.7915310978322e-11
18.57  4.51904515590182e-10
18.58  1.56955977366948e-11
18.59  6.45130430974178e-10
18.6  0
18.61  0
18.62  0
18.63  0
18.64  1.6941248134913e-09
18.65  1.01968109194756e-09
18.66  1.96456614422013e-09
18.67  1.61315402025685e-10
18.68  0
18.69  2.17351171181958e-11
18.7  1.03065409988892e-09
18.71  8.44399943798279e-11
18.72  1.46635658115448e-09
18.73  1.40967589554787e-11
18.74  3.79064017669527e-09
18.75  0
18.76  0
18.77  2.34578727773913e-09
18.78  0
18.79  0
18.8  0
18.81  0
18.82  6.11413850860608e-10
18.83  1.97875897126284e-09
18.84  2.34650619463391e-11
18.85  2.65639340130761e-10
18.86  2.21268042446399e-09
18.87  0
18.88  0
18.89  0
18.9  3.77471592629709e-10
18.91  5.80998003204471e-12
18.92  6.07293314812342e-10
18.93  1.27546103187677e-09
18.94  0
18.95  0
18.96  0
18.97  2.41756939610234e-12
18.98  9.23033457009786e-10
18.99  0
19  1.70030836332448e-10
19.01  3.34690694235561e-09
19.02  1.79084991105231e-09
19.03  0
19.04  0
19.05  1.59503746016171e-10
19.06  0
19.07  9.79453181357689e-10
19.08  1.57395708967007e-11
19.09  3.57221809721472e-10
19.1  0
19.11  1.25986586548453e-09
19.12  0
19.13  2.67859728135048e-10
19.14  1.83571197596929e-10
19.15  0
19.16  5.87845076193126e-10
19.17  1.58039664745188e-09
19.18  3.26918417828149e-09
19.19  9.24534925632632e-11
19.2  9.76323523197199e-10
19.21  0
19.22  0
19.23  7.68383827411141e-11
19.24  2.42187636471594e-10
19.25  4.73604068326581e-10
19.26  8.49393078042837e-10
19.27  8.03158731933325e-10
19.28  1.56372443784242e-09
19.29  1.06610797325778e-09
19.3  0
19.31  5.59145773964119e-10
19.32  0
19.33  8.69962519834371e-10
19.34  2.35645287890475e-10
19.35  3.48516239913641e-11
19.36  4.45001709412923e-10
19.37  6.74206332285477e-11
19.38  9.43976153342767e-12
19.39  8.80024812357505e-12
19.4  6.45372919829284e-10
19.41  1.56317965805333e-10
19.42  2.04137051554358e-09
19.43  2.12775008293847e-09
19.44  1.69145027887789e-09
19.45  1.89033893329378e-09
19.46  2.88570626337195e-09
19.47  3.47883233049449e-09
19.48  0
19.49  0
19.5  2.50709454912335e-09
19.51  2.46453510947798e-11
19.52  2.13088011726374e-10
19.53  0
19.54  2.56350196301492e-09
19.55  3.04428117314523e-10
19.56  3.36183723953203e-10
19.57  7.14953764733681e-10
19.58  3.65009016691776e-09
19.59  0
19.6  1.95703227362049e-09
19.61  1.41793648261066e-10
19.62  6.05144588541481e-10
19.63  2.84442655901443e-09
19.64  1.17294710868649e-10
19.65  2.09384455978652e-09
19.66  0
19.67  6.5467722066985e-10
19.68  8.4173322820491e-10
19.69  1.63437376460154e-11
19.7  0
19.71  0
19.72  0
19.73  1.89797924127216e-10
19.74  8.48514800010525e-10
19.75  0
19.76  2.02535221851092e-10
19.77  9.13073412949552e-10
19.78  0
19.79  7.11384183417591e-10
19.8  8.24569122140594e-10
19.81  2.66287510015527e-11
19.82  5.29781078200956e-11
19.83  2.10816621611025e-09
19.84  5.73747667269716e-10
19.85  5.80799218016462e-10
19.86  3.37947856836626e-10
19.87  2.68960552754557e-09
19.88  2.79158866771372e-10
19.89  5.82293202160001e-10
19.9  6.11108340423918e-10
19.91  3.37490967375214e-10
19.92  1.19957269069485e-10
19.93  2.10867880322477e-10
19.94  2.21351923883527e-09
19.95  1.38712264518749e-10
19.96  0
19.97  7.22662481360363e-10
19.98  2.23247344196745e-09
19.99  6.48939615770329e-10
20  1.99645885804854e-09
20.01  1.33620892315895e-09
20.02  3.3150974356434e-10
20.03  8.18483997426954e-10
20.04  4.89684567196666e-10
20.05  1.90539201379097e-10
20.06  6.67650802896618e-11
20.07  0
20.08  1.42999071451498e-10
20.09  1.63083341514358e-13
20.1  2.93311090251254e-10
20.11  3.13726266934475e-10
20.12  1.38589419181746e-09
20.13  5.33601340631438e-10
20.14  2.10420957489636e-09
20.15  1.50114291420836e-09
20.16  4.68295976675455e-12
20.17  2.86582151430591e-09
20.18  5.65390624065929e-10
20.19  1.20942720002893e-10
20.2  5.5468858494435e-10
20.21  6.75814192339236e-11
20.22  8.0074690882746e-10
20.23  3.20201867138289e-10
20.24  1.64650486845945e-10
20.25  1.87234059737139e-10
20.26  4.78184213291582e-10
20.27  2.55837951642253e-09
20.28  4.44356511167057e-11
20.29  1.03884464109756e-10
20.3  3.46494218305166e-09
20.31  2.33013998923554e-09
20.32  3.51302786029741e-09
20.33  5.27763535687904e-11
20.34  2.50715274376847e-09
20.35  5.12276918262909e-12
20.36  0
20.37  2.14773476795391e-11
20.38  0
20.39  3.52441838963031e-10
20.4  6.53126953111451e-10
20.41  2.16428622892124e-10
20.42  1.61257327799306e-09
20.43  2.83770563284763e-09
20.44  2.7865425592416e-09
20.45  4.32528002055225e-11
20.46  0
20.47  2.3010532727893e-10
20.48  1.50348897420252e-09
20.49  1.65860888440455e-09
20.5  8.3454449154959e-13
20.51  1.45818259597888e-09
20.52  6.34140001244338e-10
20.53  2.29613508031896e-09
20.54  2.68302557052861e-10
20.55  4.52403268191245e-11
20.56  0
20.57  7.07629470255941e-10
20.58  2.73565889469328e-12
20.59  7.60116583860473e-12
20.6  3.20671146346025e-09
20.61  9.0408216726017e-10
20.62  1.61165586166206e-09
20.63  0
20.64  6.81942689796475e-10
20.65  9.52573352329664e-11
20.66  2.24475122450393e-09
20.67  5.74927017059267e-10
20.68  3.88961390518311e-10
20.69  8.54624827306482e-10
20.7  4.76442861161241e-10
20.71  2.81014400894164e-10
20.72  2.9163641709235e-10
20.73  1.27641779160798e-10
20.74  8.76484238975923e-10
20.75  9.31880749367251e-11
20.76  7.03941233323892e-10
20.77  4.1095148528017e-10
20.78  1.48116488539956e-10
20.79  3.67306998800326e-10
20.8  5.52001556648475e-11
20.81  0
20.82  5.69867302278433e-10
20.83  4.38693098852588e-10
20.84  4.16479729108388e-15
20.85  9.18067930849112e-10
20.86  7.13957240677269e-11
20.87  1.9503530889571e-09
20.88  1.01784233059525e-09
20.89  1.88126279774301e-10
20.9  0
20.91  1.00052498128307e-10
20.92  2.68120726808475e-10
20.93  1.14066969482019e-09
20.94  5.75922248783118e-10
20.95  1.66100055206301e-09
20.96  1.69295247792951e-09
20.97  3.64869905570882e-12
20.98  1.20733112944052e-09
20.99  0
21  3.07906971574454e-10
21.01  2.09328117847972e-10
21.02  3.93332932140057e-10
21.03  2.52789588772275e-13
21.04  6.74875379687924e-10
21.05  3.0535197191655e-10
21.06  9.15972249313325e-10
21.07  1.69479306855404e-09
21.08  5.64557035045678e-11
21.09  1.03911518107538e-10
21.1  4.3871105243107e-11
21.11  0
21.12  1.25945231123812e-09
21.13  3.04318107987254e-09
21.14  7.16123713161938e-10
21.15  0
21.16  0
21.17  1.37172266329018e-09
21.18  4.18004549486925e-10
21.19  2.45020709891995e-09
21.2  6.52162270692632e-11
21.21  2.57035043455757e-09
21.22  0
21.23  6.83096573737145e-10
21.24  1.74037625031208e-10
21.25  5.7504566105004e-10
21.26  7.68699882614678e-10
21.27  8.69995827207638e-11
21.28  5.77856235342515e-10
21.29  2.63343902295933e-09
21.3  2.26106209828439e-09
21.31  2.25655744903196e-10
21.32  0
21.33  8.28375916251263e-10
21.34  0
21.35  5.52658111535021e-10
21.36  0
21.37  1.03182356468832e-09
21.38  3.05623157061544e-11
21.39  3.01920300033039e-09
21.4  3.13800571856338e-10
21.41  1.9859305072406e-10
21.42  4.97150881436491e-10
21.43  1.75913431868067e-09
21.44  1.52940660202814e-09
21.45  6.70942253634775e-10
21.46  3.83414467172489e-10
21.47  7.0258417276269e-10
21.48  0
21.49  2.99783060040105e-09
21.5  2.14285511697913e-09
21.51  0
21.52  2.53692291512699e-10
21.53  0
21.54  1.3524973487358e-09
21.55  4.80023074196665e-10
21.56  0
21.57  1.08903588202919e-09
21.58  1.64154701153387e-09
21.59  1.94402225757171e-09
21.6  3.92030833675523e-10
21.61  6.20503164822539e-10
21.62  1.79180100935939e-10
21.63  1.13894743293176e-12
21.64  2.24727040237717e-09
21.65  0
21.66  1.38994219173074e-10
21.67  6.08686735354202e-11
21.68  3.59690503785747e-10
21.69  2.75634766171584e-10
21.7  1.60311889188043e-09
21.71  1.05306082288727e-09
21.72  0
21.73  1.62494891262009e-10
21.74  8.20181989922761e-10
21.75  2.54219619650214e-09
21.76  0
21.77  8.439156466493e-10
21.78  2.74954060830649e-12
21.79  0
21.8  6.9512777289107e-10
21.81  0
21.82  2.42043587447637e-10
21.83  6.35865335168547e-10
21.84  9.0758205531875e-11
21.85  3.67422575660858e-10
21.86  6.02845428671307e-10
21.87  6.22586204010257e-10
21.88  2.36689769883107e-09
21.89  0
21.9  2.967235573717e-10
21.91  5.23294000675958e-10
21.92  0
21.93  2.37202240795804e-10
21.94  1.03294105753375e-09
21.95  1.4744145559463e-09
21.96  2.86305014601887e-09
21.97  0
21.98  2.01995353759073e-09
21.99  1.6258267329158e-10
22  8.47652187037339e-12
22.01  2.42668774233653e-10
22.02  3.59591549236901e-10
22.03  0
22.04  1.89150249809989e-10
22.05  8.9609783277279e-10
22.06  3.31523310251731e-09
22.07  6.73603327767457e-10
22.08  0
22.09  3.03776341719966e-09
22.1  2.52070956623706e-11
22.11  0
22.12  1.51739976872592e-10
22.13  0
22.14  2.6940505414601e-10
22.15  2.8407190207891e-09
22.16  2.69300447557599e-10
22.17  7.02071964035115e-10
22.18  1.74106193535694e-09
22.19  1.72637290073348e-11
22.2  3.5622230650247e-10
22.21  1.37130134026315e-09
22.22  5.6437082503434e-10
22.23  2.10243125470971e-10
22.24  3.19842176393606e-13
22.25  9.72032417220042e-10
22.26  3.47263218066169e-11
22.27  8.64002182878006e-10
22.28  1.05845678930681e-09
22.29  2.08732076291842e-10
22.3  0
22.31  5.61596153613311e-10
22.32  5.30569325494817e-10
22.33  1.16450262053936e-10
22.34  1.72908152173692e-09
22.35  1.12681896789916e-09
22.36  5.55830514627385e-12
22.37  1.14273556331381e-09
22.38  6.05523827101559e-10
22.39  1.25077633148721e-09
22.4  7.22107513394894e-10
22.41  1.87967248501237e-10
22.42  8.26467221725137e-10
22.43  1.34162104601621e-09
22.44  0
22.45  3.95334051322797e-10
22.46  1.23673846940205e-10
22.47  3.00141621269571e-10
22.48  2.32159260900296e-10
22.49  2.41861256904352e-09
22.5  5.70950334198206e-10
22.51  1.38364567953522e-09
22.52  2.24407731061638e-09
22.53  5.56251339083042e-11
22.54  1.14194030535247e-09
22.55  1.51919775198455e-09
22.56  4.62032652181842e-10
22.57  1.02798423108162e-09
22.58  2.33045198544731e-10
22.59  1.98268469937226e-09
22.6  6.79575334101702e-10
22.61  4.56712479925065e-10
22.62  2.95403844324159e-09
22.63  1.30164461330134e-09
22.64  1.34089060518901e-10
22.65  0
22.66  5.10630319769712e-10
22.67  4.32444166177487e-11
22.68  3.37779188199362e-10
22.69  1.04272201731562e-09
22.7  1.84614196979479e-10
22.71  6.96185480300457e-10
22.72  2.2340321593021e-10
22.73  1.05453034411865e-10
22.74  7.34475705581425e-11
22.75  4.72919511705737e-11
22.76  1.0289538766191e-09
22.77  6.40900074177565e-10
22.78  0
22.79  1.46265301186336e-09
22.8  1.77651130443457e-13
22.81  1.97517987079699e-11
22.82  2.77875911580897e-09
22.83  1.29963976906057e-09
22.84  0
22.85  8.1845436444605e-10
22.86  1.48529944094961e-09
22.87  0
22.88  6.7506770860024e-10
22.89  0
22.9  3.88357854149904e-10
22.91  0
22.92  0
22.93  3.15447863263118e-10
22.94  5.12446892212809e-10
22.95  3.89947090113482e-09
22.96  1.22926546317829e-09
22.97  5.96756766772908e-10
22.98  3.51691769073723e-11
22.99  2.73601364240353e-10
23  6.37381587967578e-10
23.01  3.13357977922895e-13
23.02  9.53948227462315e-10
23.03  0
23.04  3.51636063367051e-13
23.05  3.09516422150575e-09
23.06  0
23.07  1.84990949196515e-09
23.08  1.11427269934548e-09
23.09  2.3351747522086e-10
23.1  5.25077034627297e-12
23.11  4.39542735439216e-11
23.12  0
23.13  3.19013474959441e-09
23.14  0
23.15  7.3194208999678e-10
23.16  2.53936556576785e-09
23.17  0
23.18  0
23.19  3.21711235779996e-13
23.2  6.20529282309827e-10
23.21  0
23.22  2.94104500145291e-09
23.23  8.46317342375206e-11
23.24  1.43486940919707e-10
23.25  1.28908957598036e-11
23.26  3.24880610193527e-11
23.27  4.93840404517896e-10
23.28  3.99329851989464e-10
23.29  2.56741878765678e-12
23.3  1.39589748657162e-09
23.31  1.17096929706295e-09
23.32  1.41508844571044e-10
23.33  2.02895223522746e-09
23.34  1.84843718670939e-10
23.35  3.48098747611406e-09
23.36  1.99232801822078e-10
23.37  3.1861866744689e-11
23.38  1.11605161535783e-09
23.39  1.55396568768016e-10
23.4  1.68382297962802e-09
23.41  1.03507707302699e-09
23.42  6.68755711445051e-11
23.43  6.56908170341705e-12
23.44  1.94533949779181e-09
23.45  2.52949647207782e-10
23.46  3.70353107815999e-10
23.47  2.15218736399142e-09
23.48  7.76501164799047e-10
23.49  1.25917050550117e-09
23.5  4.6662136782228e-10
23.51  1.9460266517678e-10
23.52  1.85078002892156e-10
23.53  6.6988122165348e-11
23.54  0
23.55  2.9832902512738e-10
23.56  0
23.57  1.84605571369224e-11
23.58  9.14747743909988e-10
23.59  9.78347060723508e-11
23.6  1.77840493334726e-09
23.61  1.1943864199999e-09
23.62  0
23.63  1.0743659515597e-09
23.64  4.55219494394819e-10
23.65  1.17355251525365e-09
23.66  1.68341373706637e-09
23.67  2.83134374072775e-10
23.68  4.51767333288288e-10
23.69  5.08746052866967e-10
23.7  0
23.71  1.37555040746851e-09
23.72  1.6995701098104e-09
23.73  8.00744505512305e-10
23.74  8.68744898293576e-10
23.75  1.65660602849737e-11
23.76  1.26839890789516e-09
23.77  2.5489563516819e-10
23.78  0
23.79  4.13543477690228e-10
23.8  4.80268499475344e-11
23.81  4.38291507962312e-11
23.82  4.28573470311998e-10
23.83  9.55889266322573e-10
23.84  9.49476442329258e-11
23.85  2.73806204554409e-10
23.86  1.20215435613563e-10
23.87  1.06773250846927e-09
23.88  4.24908759606769e-10
23.89  1.86140640015439e-09
23.9  1.10886282552957e-10
23.91  2.7171173732406e-09
23.92  1.21234629511083e-09
23.93  1.33050887696465e-10
23.94  1.48136528187257e-09
23.95  1.20905608729928e-09
23.96  2.59246003983056e-09
23.97  1.10304611625749e-09
23.98  1.54099518346822e-09
23.99  1.03781108609688e-09
24  1.01694016753817e-09
24.01  3.08689094239682e-09
24.02  9.10642136128711e-10
24.03  2.15341048838159e-10
24.04  5.33557917511689e-10
24.05  5.3724917945694e-10
24.06  8.34046447620391e-11
24.07  2.10472076318475e-09
24.08  0
24.09  6.45506808254584e-10
24.1  1.18681590183844e-10
24.11  1.66160595248235e-09
24.12  2.11964086467359e-09
24.13  1.23450548320867e-10
24.14  5.28908938772454e-11
24.15  1.59110732488147e-09
24.16  4.54034867917759e-10
24.17  9.09238798651239e-10
24.18  1.38044515213738e-09
24.19  6.56754153809215e-10
24.2  5.08351026797542e-10
24.21  1.11790457802412e-10
24.22  8.22764933374425e-10
24.23  2.5764363092231e-10
24.24  1.02831441876103e-09
24.25  6.8262902212088e-10
24.26  0
24.27  5.55440650385051e-10
24.28  1.32250292381119e-09
24.29  0
24.3  1.34081147577131e-11
24.31  1.36389507770081e-09
24.32  2.18203428306925e-11
24.33  1.404417349974e-09
24.34  4.00959872046051e-10
24.35  2.08470002954963e-09
24.36  2.53216237956302e-09
24.37  1.59851821437448e-09
24.38  3.16702009864841e-09
24.39  5.14052863473498e-10
24.4  6.19160878363696e-10
24.41  9.18800376732412e-10
24.42  9.72108323498981e-10
24.43  0
24.44  7.79561512016576e-10
24.45  2.74252993759337e-10
24.46  1.23187895759379e-09
24.47  0
24.48  3.64139330570803e-10
24.49  1.93895513023469e-09
24.5  2.40047403893817e-09
24.51  3.16518250326362e-09
24.52  2.0118759613866e-10
24.53  2.92347216052659e-09
24.54  1.29263158299098e-11
24.55  8.4792438298907e-11
24.56  2.62564767471535e-09
24.57  0
24.58  0
24.59  6.4767954047658e-10
24.6  2.8874969480968e-10
24.61  2.48036618215637e-09
24.62  4.34808744919174e-10
24.63  9.70764850804591e-11
24.64  1.64054937058642e-09
24.65  0
24.66  1.9675089088745e-09
24.67  5.27823783546815e-10
24.68  1.75266264209396e-09
24.69  3.35749856229172e-09
24.7  6.35928197896513e-10
24.71  0
24.72  3.33762689084162e-10
24.73  0
24.74  1.82721295708799e-11
24.75  6.98865048543292e-12
24.76  2.06229739362314e-10
24.77  1.23889148804626e-10
24.78  0
24.79  1.92068054470254e-09
24.8  3.50031664164188e-09
24.81  8.30746401246897e-10
24.82  2.90058205352624e-09
24.83  9.36166193116879e-10
24.84  5.42295847992457e-11
24.85  6.22891440527315e-10
24.86  1.09849939119789e-09
24.87  6.72302149835184e-10
24.88  4.96284012589757e-10
24.89  2.31538879784433e-15
24.9  9.87666405865563e-10
24.91  2.68514127510079e-10
24.92  7.06477685645206e-10
24.93  5.65966796817506e-10
24.94  4.26364622595991e-11
24.95  1.46623378871413e-09
24.96  0
24.97  1.56053772090628e-09
24.98  1.00907858770835e-09
24.99  3.22488531433659e-09
25  6.44593697621529e-10
25.01  1.19765731208291e-09
25.02  5.05244553521611e-10
25.03  7.23478218894892e-10
25.04  4.28302593599014e-10
25.05  3.24505513827814e-10
25.06  1.12185480898022e-10
25.07  0
25.08  4.69347418472472e-10
25.09  2.9976794327987e-10
25.1  2.23402255898354e-09
25.11  3.11221704783809e-09
25.12  2.26038777339042e-11
25.13  1.297078486446e-09
25.14  3.8581457165716e-12
25.15  4.75382950090096e-12
25.16  3.24410332405872e-10
25.17  4.09773423870573e-11
25.18  3.77838454592841e-10
25.19  2.21196785141412e-09
25.2  4.0960754995026e-11
25.21  1.24160120080297e-09
25.22  4.91856411632665e-10
25.23  9.4424738606819e-10
25.24  2.1166705079579e-09
25.25  9.73438244491399e-10
25.26  9.20531972400488e-10
25.27  0
25.28  1.42092808749044e-09
25.29  1.13092266523926e-09
25.3  4.33183476080165e-10
25.31  2.3939837610505e-09
25.32  3.15101281520554e-09
25.33  2.01035971362493e-10
25.34  2.61487145610299e-10
25.35  1.4576336849202e-10
25.36  5.29281212080158e-10
25.37  2.48084618384671e-09
25.38  6.76556747984083e-10
25.39  1.03222292371923e-11
25.4  0
25.41  7.88845322675917e-10
25.42  2.10334210644308e-11
25.43  0
25.44  1.3967217817677e-09
25.45  4.52150751671003e-10
25.46  1.72411486014544e-09
25.47  2.4514730414081e-09
25.48  1.5670352136395e-10
25.49  4.37395723056838e-10
25.5  8.53832423550141e-10
25.51  2.19400439296522e-09
25.52  4.86406545716356e-10
25.53  4.88814532597977e-11
25.54  1.33272756822532e-09
25.55  1.98149935857589e-11
25.56  3.21071458533497e-13
25.57  5.48495642373689e-10
25.58  1.31852608068167e-09
25.59  0
25.6  1.42156938611452e-09
25.61  1.70853739259974e-09
25.62  3.6493607416832e-10
25.63  6.02936162950401e-11
25.64  7.33042905515339e-10
25.65  3.90565822443995e-09
25.66  0
25.67  8.34243673229718e-11
25.68  1.68366400257527e-10
25.69  2.98779759575602e-12
25.7  1.62829275313603e-11
25.71  1.54470108565327e-10
25.72  9.69179495993692e-10
25.73  2.1904856402617e-09
25.74  7.64851477601966e-10
25.75  2.52946112541261e-09
25.76  0
25.77  0
25.78  0
25.79  2.57377029011522e-12
25.8  3.33550862876823e-12
25.81  1.16085428350094e-09
25.82  0
25.83  3.8106154104397e-10
25.84  9.35680688104218e-10
25.85  3.39341134021282e-10
25.86  1.75497440046491e-09
25.87  3.62360059459568e-10
25.88  6.49899616659258e-09
25.89  2.42445062785105e-10
25.9  1.41588244236961e-09
25.91  8.11090874405448e-10
25.92  3.96874493903183e-10
25.93  2.11102627537249e-10
25.94  2.40794131356862e-10
25.95  0
25.96  0
25.97  3.7386136321836e-10
25.98  0
25.99  6.06699803111415e-10
26  5.73698412243505e-10
26.01  5.1724484538712e-09
26.02  4.0804971987531e-09
26.03  2.75155780275174e-09
26.04  6.27318523682147e-10
26.05  0
26.06  9.70957912305354e-10
26.07  5.14151963358965e-10
26.08  1.58796717321261e-09
26.09  9.07535266775097e-10
26.1  2.86221074960231e-09
26.11  3.15253231251036e-09
26.12  2.19673028951311e-09
26.13  2.19479271360923e-09
26.14  7.42329810785407e-10
26.15  1.34781685908801e-09
26.16  1.40182577329752e-09
26.17  0
26.18  1.56675099392099e-09
26.19  1.09293295702596e-10
26.2  7.09066738909959e-10
26.21  6.05916774496312e-10
26.22  1.89552154998815e-09
26.23  3.97314024822616e-10
26.24  1.36898931394631e-09
26.25  1.30960684635094e-09
26.26  8.01887341755619e-10
26.27  0
26.28  1.11266425632817e-09
26.29  2.80264293938399e-09
26.3  4.41019051810357e-09
26.31  0
26.32  5.13525024003708e-10
26.33  1.73564164422072e-09
26.34  7.01373183836387e-10
26.35  2.9158912062564e-09
26.36  0
26.37  1.51972196779483e-09
26.38  2.12350003467193e-10
26.39  2.01250075356398e-09
26.4  3.55277565149601e-10
26.41  0
26.42  1.02573646504645e-11
26.43  5.26176660152265e-10
26.44  5.99700702313546e-10
26.45  9.85484583771055e-10
26.46  1.56919981358048e-10
26.47  9.38033404039511e-10
26.48  4.41973317394696e-10
26.49  4.99093955066269e-09
26.5  2.08704398559713e-09
26.51  1.13444730568753e-09
26.52  1.19927099824464e-09
26.53  9.79256215202249e-10
26.54  1.24019125982126e-09
26.55  2.21689241390312e-10
26.56  9.04877469177584e-10
26.57  7.69257415118184e-11
26.58  0
26.59  1.33992009851876e-09
26.6  7.27374246583039e-10
26.61  0
26.62  1.52864951528748e-09
26.63  1.66531862307793e-09
26.64  7.02193828597406e-10
26.65  4.96430633691839e-10
26.66  2.33353516754807e-09
26.67  9.18661493323472e-10
26.68  6.19607274512199e-10
26.69  2.68929431556675e-09
26.7  7.98805887031291e-10
26.71  2.29017989842544e-09
26.72  2.91982612188185e-09
26.73  8.29410116744127e-10
26.74  1.68733065591556e-09
26.75  1.56683379103543e-09
26.76  6.07049928730377e-10
26.77  0
26.78  1.27402287418897e-09
26.79  3.78351352068919e-10
26.8  2.81948033158148e-10
26.81  1.48098596706405e-09
26.82  6.86750009500802e-11
26.83  6.0380871458425e-11
26.84  1.67415349926795e-09
26.85  6.9033184303557e-11
26.86  1.66950979070745e-09
26.87  7.06299459867964e-12
26.88  1.32070656585211e-09
26.89  2.18715935077713e-09
26.9  1.45613180391589e-09
26.91  2.12268582468797e-10
26.92  1.90923201050664e-09
26.93  1.55064846408783e-09
26.94  8.90907720486402e-10
26.95  3.12812451566823e-09
26.96  0
26.97  1.21338078487999e-09
26.98  0
26.99  5.17892084238124e-10
27  7.77688515971445e-10
27.01  6.65868875075225e-10
27.02  5.23073844928756e-10
27.03  2.64513860314603e-11
27.04  8.13655143994245e-11
27.05  1.49649146682701e-09
27.06  1.24368054781166e-11
27.07  1.5246640795881e-09
27.08  1.14805942314128e-09
27.09  1.53084068344588e-10
27.1  4.19471223953252e-10
27.11  1.46041901890918e-09
27.12  3.44901325554971e-09
27.13  0
27.14  9.53915853714559e-10
27.15  9.93404756822667e-10
27.16  7.20443328180424e-10
27.17  5.07411176397245e-10
27.18  1.70041374994848e-09
27.19  3.33958995181694e-10
27.2  7.29430647568658e-10
27.21  2.18805312177006e-10
27.22  3.08735265928657e-10
27.23  1.10941277270286e-09
27.24  1.98085326310858e-09
27.25  3.86955321394797e-10
27.26  9.79857607289122e-10
27.27  8.04953294274439e-10
27.28  9.58284827358334e-10
27.29  1.10658654417077e-09
27.3  1.62057608252409e-10
27.31  4.08296931568841e-12
27.32  8.40413811492512e-10
27.33  2.64909540051239e-09
27.34  1.32748748707078e-09
27.35  1.77465684238263e-09
27.36  0
27.37  1.19929454671671e-09
27.38  8.26216860212269e-10
27.39  6.64294580906775e-10
27.4  1.72728516248849e-09
27.41  5.489285748281e-10
27.42  2.6149108413031e-09
27.43  3.04816751259187e-11
27.44  3.44062119731051e-09
27.45  3.83924942203984e-10
27.46  1.05726465187748e-10
27.47  2.70840782568039e-09
27.48  2.46523285300587e-09
27.49  8.08864520397768e-10
27.5  1.40460825143811e-09
27.51  7.51408866496039e-10
27.52  2.90883706183813e-09
27.53  1.59646120568834e-09
27.54  6.61593549974313e-10
27.55  6.22373438239159e-10
27.56  2.17186603997396e-09
27.57  7.78474123570657e-11
27.58  1.46714489463827e-10
27.59  7.20525318567173e-11
27.6  2.68010614198077e-10
27.61  6.00913155498991e-10
27.62  9.35551001381965e-11
27.63  1.85773948810298e-09
27.64  0
27.65  1.23965996386988e-09
27.66  5.95619325648147e-10
27.67  8.39808661430681e-10
27.68  1.47412666555706e-09
27.69  0
27.7  0
27.71  2.35374431572116e-10
27.72  9.93001504271679e-10
27.73  1.32090267011918e-09
27.74  1.26208665788021e-09
27.75  3.18226797797792e-09
27.76  2.93518777944843e-09
27.77  2.86307330192211e-09
27.78  1.1377419934149e-09
27.79  1.214077400601e-09
27.8  2.46108464071084e-09
27.81  2.1587014073203e-09
27.82  2.30886283457318e-09
27.83  2.08452625448052e-10
27.84  7.436980400469e-13
27.85  2.43303234265968e-09
27.86  3.9453549074693e-10
27.87  3.32171273067529e-10
27.88  8.10378613223889e-10
27.89  0
27.9  0
27.91  9.11958366887282e-12
27.92  0
27.93  2.46088770314899e-11
27.94  3.57037772248219e-10
27.95  0
27.96  3.57908877332497e-10
27.97  0
27.98  4.52555618077606e-10
27.99  2.28633926710907e-10
28  2.63320298314865e-10
28.01  1.84910902183536e-10
28.02  3.06177379584266e-10
28.03  9.81812811996485e-10
28.04  3.60760172668428e-10
28.05  2.56679616394886e-09
28.06  2.33554508343677e-10
28.07  7.7716326179222e-10
28.08  2.8916410683641e-10
28.09  6.73592015957352e-10
28.1  1.97228305965255e-09
28.11  2.81824013230779e-10
28.12  2.12109346776317e-09
28.13  1.54154624863954e-10
28.14  4.85738464854345e-09
28.15  1.03022251520548e-10
28.16  2.6777973507662e-09
28.17  1.53309237390034e-09
28.18  2.75068840021122e-09
28.19  1.30810775094717e-09
28.2  1.22704110107329e-11
28.21  9.02843126839813e-10
28.22  2.30083280890652e-09
28.23  1.71075914706972e-09
28.24  7.5609645545981e-10
28.25  1.3084089034388e-10
28.26  1.32393345332615e-09
28.27  6.87213609866652e-10
28.28  1.24699045979892e-10
28.29  2.60176003278874e-09
28.3  3.74885834270339e-10
28.31  1.74256181770201e-09
28.32  2.51868882181006e-09
28.33  1.41740690670498e-09
28.34  5.09652606859118e-10
28.35  8.53857640281562e-10
28.36  0
28.37  0
28.38  9.17161420929175e-10
28.39  4.9709589119424e-11
28.4  0
28.41  0
28.42  1.59622101087062e-10
28.43  1.06363224449343e-09
28.44  1.99379157746198e-10
28.45  1.74464715928785e-09
28.46  3.70449171250276e-11
28.47  1.08838978268233e-09
28.48  2.7886326573011e-09
28.49  5.57993858197939e-11
28.5  2.90293381549898e-09
28.51  1.89686826486078e-10
28.52  1.74278856989277e-09
28.53  1.95429625278061e-09
28.54  2.24981659911378e-10
28.55  6.05503869400469e-10
28.56  1.69483788503506e-09
28.57  1.59108373958302e-10
28.58  1.44616175590292e-10
28.59  0
28.6  3.96151145840756e-11
28.61  5.09670274051708e-15
28.62  7.65455618019757e-10
28.63  3.28998970837001e-11
28.64  2.23091781011222e-10
28.65  1.36900433536578e-09
28.66  0
28.67  1.04934811624943e-09
28.68  8.56420668072065e-10
28.69  2.66524300098662e-09
28.7  1.18542863260184e-09
28.71  1.33136979741612e-10
28.72  1.59221673062657e-09
28.73  1.26003777312329e-09
28.74  2.44058640859868e-10
28.75  1.30805335039074e-09
28.76  3.85301971644748e-10
28.77  1.27627364816403e-09
28.78  6.27798810920501e-10
28.79  8.02235327962737e-11
28.8  3.60430812408162e-10
28.81  1.00092108336396e-09
28.82  1.21030359677766e-09
28.83  1.83633182338083e-10
28.84  6.4651089360751e-10
28.85  2.69684270958783e-11
28.86  5.44571985746068e-10
28.87  3.44049425273663e-10
28.88  1.98059210925427e-09
28.89  2.88906314269908e-11
28.9  2.5600453275121e-09
28.91  2.81937089967073e-11
28.92  2.62945438390372e-09
28.93  6.40836296345113e-10
28.94  1.23136338027545e-09
28.95  8.86227725160795e-10
28.96  2.64716062387947e-09
28.97  2.424942971518e-10
28.98  1.30541420558673e-09
28.99  1.32341813190651e-09
29  4.81079188128245e-10
29.01  1.10617106569999e-10
29.02  7.85185136441887e-10
29.03  1.63068275736086e-10
29.04  7.61798832017722e-10
29.05  7.93329434090616e-10
29.06  1.33183597020648e-09
29.07  5.84244972330359e-10
29.08  1.60161617783875e-10
29.09  1.41830787676249e-09
29.1  6.38065210818491e-10
29.11  4.30984798259356e-09
29.12  5.65718137730685e-10
29.13  9.58351985062501e-10
29.14  1.23711373990266e-09
29.15  3.21717251712948e-09
29.16  6.94455004335456e-10
29.17  4.35242244332062e-09
29.18  6.73519696419015e-10
29.19  1.47500935648762e-09
29.2  9.47813813684412e-10
29.21  8.14382795312573e-10
29.22  2.57862749430398e-10
29.23  1.24757881389744e-10
29.24  1.23016924193402e-09
29.25  0
29.26  1.69070808566436e-10
29.27  2.12307381076386e-10
29.28  1.49082169854946e-09
29.29  1.1262797923951e-09
29.3  1.34019190090628e-09
29.31  7.68846599743724e-10
29.32  2.8579990205817e-09
29.33  4.32074781642661e-11
29.34  5.06928072285788e-10
29.35  1.38751617302628e-09
29.36  1.22242645079625e-11
29.37  2.58111522248376e-09
29.38  2.77126654832795e-10
29.39  3.11803120619825e-09
29.4  1.23286917307521e-09
29.41  3.99770979280383e-10
29.42  0
29.43  1.197712819698e-09
29.44  8.92355332530028e-10
29.45  1.02732480175967e-09
29.46  1.34129402617543e-09
29.47  2.57184674700452e-09
29.48  0
29.49  1.89477502645782e-10
29.5  2.46074648615591e-09
29.51  1.71980921502733e-09
29.52  2.27883085562021e-09
29.53  5.10127771238576e-10
29.54  4.34216268221085e-09
29.55  3.07171930664966e-09
29.56  2.5781490736451e-09
29.57  5.29141501647696e-10
29.58  1.42564578304909e-09
29.59  1.63587800473124e-09
29.6  3.91329116209146e-10
29.61  2.44744101241536e-09
29.62  1.17115644272644e-09
29.63  1.93268500765432e-09
29.64  1.66300792134755e-10
29.65  2.86965568804786e-10
29.66  1.32074821992597e-09
29.67  1.35586533644797e-09
29.68  1.28026749436424e-09
29.69  1.32608792976045e-09
29.7  2.16762977566118e-09
29.71  1.11872597882376e-09
29.72  1.6288410807415e-10
29.73  6.5635810351808e-10
29.74  0
29.75  0
29.76  6.41552515298089e-10
29.77  5.00538649189223e-11
29.78  0
29.79  4.12634868614443e-10
29.8  9.57379332828957e-10
29.81  1.03425808019654e-09
29.82  2.99981510770532e-09
29.83  1.67016805739545e-09
29.84  9.30725579830864e-10
29.85  3.20897486303223e-09
29.86  6.66808882479509e-12
29.87  8.76943096083069e-10
29.88  4.32722330504549e-09
29.89  1.22456632147687e-09
29.9  0
29.91  0
29.92  2.89694042675811e-09
29.93  4.71485019542878e-10
29.94  3.50687563483438e-09
29.95  2.80285933638762e-09
29.96  5.05269427522859e-11
29.97  2.7344592366072e-09
29.98  9.0014175439621e-10
29.99  5.84790595702617e-11
30  3.87808477817564e-10
30.01  9.26881364375389e-11
30.02  1.2289642688766e-09
30.03  0
30.04  4.20772333059485e-10
30.05  3.85246009937996e-10
30.06  2.83651414734294e-09
30.07  1.36032803579331e-09
30.08  2.65137963555233e-09
30.09  2.39938256717221e-11
30.1  5.50757655513371e-09
30.11  1.62572975838507e-10
30.12  3.48573871761676e-09
30.13  2.15676729589457e-09
30.14  4.29500487417567e-09
30.15  8.51763429837551e-10
30.16  1.29994467245102e-09
30.17  1.8392619071681e-09
30.18  1.1109258678896e-09
30.19  1.14328730557596e-09
30.2  2.66106973752474e-09
30.21  1.5230107830683e-09
30.22  4.40044125231895e-09
30.23  1.56819619114372e-09
30.24  2.03601757809589e-09
30.25  1.02841835585807e-09
30.26  3.59831107277132e-09
30.27  3.80816128047268e-10
30.28  1.83136764276822e-09
30.29  4.29717590403132e-10
30.3  1.62630505139584e-09
30.31  1.41978753142971e-09
30.32  7.84668611834202e-10
30.33  2.01260744483093e-09
30.34  6.79602284463356e-10
30.35  7.57028238657015e-10
30.36  1.4459129957382e-09
30.37  2.55262190616264e-09
30.38  1.92931173064689e-09
30.39  3.80629411018032e-09
30.4  6.23498566578198e-10
30.41  1.98513068326548e-09
30.42  1.82554943455615e-09
30.43  7.90252775664262e-10
30.44  1.23190829704436e-09
30.45  1.01588773649442e-10
30.46  1.44144164555293e-09
30.47  3.08698774098259e-10
30.48  6.84890277814725e-10
30.49  1.1175061904457e-10
30.5  7.45355624481686e-10
30.51  5.10714784296085e-11
30.52  2.88363071288504e-10
30.53  4.78707682864786e-10
30.54  2.20520158634775e-09
30.55  9.85109361358922e-10
30.56  1.56041729196014e-10
30.57  1.56961523633837e-10
30.58  2.94714827406471e-10
30.59  2.13609946467695e-09
30.6  0
30.61  1.20371730847124e-09
30.62  7.49988919706848e-10
30.63  3.68883793183467e-09
30.64  1.22498713409943e-09
30.65  8.44320879422792e-10
30.66  3.96628427131208e-09
30.67  1.40977203943094e-09
30.68  9.05822891202732e-10
30.69  2.55203663385355e-09
30.7  7.13607271571461e-10
30.71  1.17447642968903e-09
30.72  2.78474761162884e-09
30.73  6.56835234994393e-11
30.74  9.40775393847056e-10
30.75  7.39351895519898e-10
30.76  7.82830735167962e-10
30.77  5.11134303656822e-10
30.78  1.59436291187326e-09
30.79  3.05340014829307e-09
30.8  3.62203423533154e-11
30.81  7.72164075241873e-10
30.82  7.97253463949142e-10
30.83  2.32244723182302e-09
30.84  1.33859691780213e-09
30.85  1.06912606181136e-09
30.86  3.6048060068516e-10
30.87  5.71430523174616e-10
30.88  3.11413853979816e-09
30.89  1.59965767149816e-09
30.9  2.76764437412861e-09
30.91  3.3361121008083e-09
30.92  1.46415640290076e-09
30.93  9.25152754141166e-10
30.94  5.5122949136276e-10
30.95  1.2420380307435e-09
30.96  1.53366640684176e-09
30.97  6.10182721924106e-10
30.98  1.2464141274854e-09
30.99  1.30581984903512e-09
31  1.08564287087673e-09
31.01  9.38252747929489e-10
31.02  9.66430016537783e-10
31.03  1.66211296351956e-09
31.04  1.37714044784994e-09
31.05  9.84210943475115e-10
31.06  1.03841565554838e-09
31.07  5.74736086391278e-10
31.08  2.01726041663013e-09
31.09  3.31981034326163e-10
31.1  5.06531908532483e-09
31.11  1.26137390909132e-09
31.12  3.14174646729355e-09
31.13  1.01232903996783e-09
31.14  2.65487445140239e-09
31.15  1.46877057208733e-09
31.16  5.24233434901017e-10
31.17  1.96276939034722e-10
31.18  1.45455170876651e-10
31.19  2.62323049586299e-10
31.2  8.91704829091045e-10
31.21  0
31.22  9.66545040661456e-10
31.23  2.02271513809869e-09
31.24  1.35011191092514e-09
31.25  1.44877137405529e-09
31.26  5.70038358449984e-10
31.27  1.44618976109375e-09
31.28  1.84053479249998e-09
31.29  2.73092141482154e-09
31.3  2.65620160908993e-09
31.31  8.69309332597671e-10
31.32  3.32249198115404e-09
31.33  8.58841402219211e-10
31.34  1.8662136647585e-09
31.35  3.77848314261412e-09
31.36  1.69272412518422e-09
31.37  2.32506663136083e-09
31.38  1.13240361039592e-09
31.39  1.92061228873071e-09
31.4  2.27701252561076e-09
31.41  5.63876738225286e-10
31.42  1.01587494436e-09
31.43  4.9883476831972e-10
31.44  1.40974761851922e-09
31.45  0
31.46  4.13969837159921e-12
31.47  7.95779513199315e-12
31.48  7.98883633488321e-10
31.49  2.51329704084547e-09
31.5  1.00144830586837e-09
31.51  1.41168717363325e-09
31.52  1.20034934188724e-11
31.53  1.23957610423497e-09
31.54  1.1816162569129e-09
31.55  7.40389765726378e-10
31.56  1.60369843986514e-09
31.57  1.29186673621504e-09
31.58  1.47246049964844e-10
31.59  9.79433848051809e-10
31.6  5.74153179428057e-10
31.61  3.30304476103732e-10
31.62  1.85324703127225e-09
31.63  1.36259225003403e-10
31.64  1.04537075732309e-09
31.65  1.52247937492756e-09
31.66  2.52212804680963e-09
31.67  2.39857201622348e-09
31.68  2.9362838413179e-10
31.69  1.46254308054535e-09
31.7  2.20434359314753e-09
31.71  2.26440518869331e-09
31.72  9.43136305755593e-11
31.73  1.04943794782992e-09
31.74  0
31.75  2.05919765536429e-10
31.76  5.24288001149003e-10
31.77  3.25545296029221e-09
31.78  1.60468967993656e-09
31.79  3.59914571050313e-09
31.8  4.03490587628227e-11
31.81  3.80174018440083e-09
31.82  3.45335491964875e-09
31.83  8.69940033835259e-10
31.84  3.17496231113471e-10
31.85  3.8867489948887e-10
31.86  1.76785898981025e-09
31.87  9.65121505300674e-10
31.88  2.50671213417881e-09
31.89  2.73781672854217e-09
31.9  2.19557649060196e-09
31.91  1.70095201214661e-09
31.92  1.43982914349456e-09
31.93  1.44586129959308e-09
31.94  1.97093262249616e-10
31.95  6.0898886051882e-10
31.96  4.42085034369945e-10
31.97  2.15352245254447e-09
31.98  7.07347429625999e-10
31.99  3.8256065173061e-09
32  4.50808428902541e-09
32.01  1.71499216197222e-09
32.02  4.60977296376757e-09
32.03  0
32.04  1.89441051570786e-11
32.05  2.19967197868749e-09
32.06  5.71492786588926e-10
32.07  2.97451771573714e-09
32.08  6.78165793655617e-10
32.09  4.16125710186205e-09
32.1  4.09770087638301e-09
32.11  1.70048272826215e-09
32.12  2.64201411768964e-09
32.13  1.76123965288753e-09
32.14  1.68349218686493e-09
32.15  1.74851504788913e-09
32.16  2.20118361350408e-09
32.17  2.14156177195882e-09
32.18  2.99828091944369e-09
32.19  6.84428244545353e-10
32.2  2.73004694968162e-09
32.21  1.10756210203772e-09
32.22  7.48042912985822e-10
32.23  5.91738813425949e-10
32.24  7.21098125147466e-10
32.25  1.29842801145853e-09
32.26  1.09081945749688e-10
32.27  1.27571871500653e-09
32.28  0
32.29  8.59526463203589e-10
32.3  1.61439974535543e-09
32.31  5.71560063550561e-10
32.32  9.89042158221623e-10
32.33  1.37894656013197e-09
32.34  1.53230536846912e-09
32.35  1.35769521581204e-09
32.36  9.49423126173251e-11
32.37  6.2954856625473e-10
32.38  7.04616069615156e-13
32.39  0
32.4  0
32.41  0
32.42  1.83705940655017e-11
32.43  9.53427377766032e-10
32.44  4.78909949848129e-10
32.45  2.85328834808922e-10
32.46  1.34444552397147e-10
32.47  2.70168598231029e-11
32.48  3.37235211846365e-10
32.49  5.62689312965172e-10
32.5  1.86247147520044e-10
32.51  2.61137268058124e-10
32.52  5.81861919496371e-10
32.53  1.01291573348423e-09
32.54  9.11339023610407e-10
32.55  4.0947958247693e-10
32.56  1.69866158547487e-09
32.57  3.43397174783533e-09
32.58  2.09731057578162e-09
32.59  1.08056880022739e-09
32.6  5.03261545652507e-10
32.61  1.23146535003974e-09
32.62  6.49708253318215e-10
32.63  3.42864379645164e-11
32.64  5.87041346966452e-10
32.65  0
32.66  1.30639546211635e-09
32.67  0
32.68  5.06756587171914e-10
32.69  0
32.7  0
32.71  3.0088545688921e-09
32.72  4.94302537983528e-10
32.73  1.73713634900464e-09
32.74  1.78968629015446e-10
32.75  1.77923499131283e-09
32.76  6.13089666927642e-11
32.77  3.53915363391305e-09
32.78  1.87860111952674e-09
32.79  1.67527481003392e-09
32.8  0
32.81  1.41366812904888e-09
32.82  4.64484331832322e-11
32.83  1.69986478578865e-10
32.84  1.58411915182328e-10
32.85  6.74989949498783e-12
32.86  8.54818775094926e-10
32.87  0
32.88  2.91724733840543e-10
32.89  0
32.9  3.21026022216505e-10
32.91  3.9860993895628e-10
32.92  0
32.93  9.14607421833084e-11
32.94  1.2241023902282e-10
32.95  8.95473545506275e-10
32.96  9.49224667621409e-11
32.97  1.50997899396415e-10
32.98  1.69099326336202e-09
32.99  0
33  4.46588128978308e-10
33.01  1.18944971902194e-09
33.02  1.98486712094841e-09
33.03  2.37210183624341e-09
33.04  2.84417227359786e-10
33.05  5.49154703380509e-10
33.06  1.15650886404821e-13
33.07  1.13407977998401e-09
33.08  5.33816661749273e-10
33.09  1.4974035910078e-09
33.1  4.88332540215172e-12
33.11  2.43196412513541e-09
33.12  1.0097129111043e-09
33.13  3.45583860716752e-09
33.14  1.72550692066475e-09
33.15  3.24923965698704e-09
33.16  4.11597030950827e-09
33.17  1.5505566202871e-09
33.18  3.4357652076538e-09
33.19  0
33.2  1.61442576383164e-09
33.21  4.3156862793191e-11
33.22  2.40435342842944e-09
33.23  4.55005336153365e-10
33.24  3.76033929395594e-09
33.25  6.81704111883543e-10
33.26  2.5290005003016e-09
33.27  4.77889998324794e-09
33.28  2.80276267116974e-09
33.29  2.84220689912778e-09
33.3  1.44768359555798e-09
33.31  7.02935739174104e-09
33.32  1.88001981515928e-10
33.33  3.01441944089305e-09
33.34  1.06578250036699e-10
33.35  1.41760625864514e-09
33.36  5.07874020416906e-09
33.37  1.13055775788678e-09
33.38  1.45813261803879e-09
33.39  2.43802374772851e-09
33.4  1.9000954596323e-11
33.41  7.61015484622139e-10
33.42  1.12569320973701e-09
33.43  6.71921613614189e-10
33.44  3.57700823027552e-11
33.45  1.32803123645953e-09
33.46  1.41808189525653e-09
33.47  1.64709981836751e-09
33.48  3.53531513087849e-09
33.49  8.35457651198065e-10
33.5  2.9336652447758e-10
33.51  1.22387038516032e-09
33.52  8.87885565586912e-10
33.53  3.18987373671006e-09
33.54  3.92067102649461e-10
33.55  3.98213210762348e-13
33.56  4.0599557194835e-10
33.57  1.70708120960253e-10
33.58  1.67174643358749e-10
33.59  5.9407812041718e-10
33.6  2.79847924927841e-11
33.61  0
33.62  1.06504559845932e-09
33.63  1.78366703610149e-09
33.64  1.81265919743339e-09
33.65  1.02694142805894e-09
33.66  3.78484920839205e-09
33.67  1.43075450516177e-09
33.68  3.12202146821434e-09
33.69  1.55822596977274e-09
33.7  3.29858756443917e-09
33.71  2.15568654886206e-09
33.72  4.56533872615542e-09
33.73  2.95939786506614e-09
33.74  1.75812579165e-09
33.75  2.10121697842439e-09
33.76  9.36227590844725e-11
33.77  1.20106078331481e-09
33.78  3.9940517187819e-09
33.79  3.56931045566813e-10
33.8  1.67359357910227e-09
33.81  5.50956001820109e-10
33.82  1.0587700448885e-09
33.83  5.71132110097531e-10
33.84  6.18253626123107e-10
33.85  2.361737950875e-09
33.86  2.69165878209284e-09
33.87  1.51871677933028e-09
33.88  3.34296933255126e-09
33.89  4.8415781111498e-09
33.9  3.6846876183636e-09
33.91  1.30994249763751e-09
33.92  3.6550239324567e-09
33.93  3.27382533329482e-10
33.94  2.66632607991113e-09
33.95  2.0855708305384e-09
33.96  9.86830203338383e-10
33.97  2.20136466509548e-10
33.98  4.08210326336714e-10
33.99  1.52565135617694e-09
34  1.64098225760672e-09
34.01  2.6716741957592e-09
34.02  7.29719244797285e-12
34.03  2.35295657520093e-09
34.04  9.48796575302744e-10
34.05  2.66415980176296e-09
34.06  6.25900423256692e-10
34.07  6.15566111372942e-10
34.08  3.96031120239294e-10
34.09  6.61381755546945e-10
34.1  3.62256181173966e-10
34.11  9.79686869481613e-10
34.12  6.36763291297019e-11
34.13  2.05583570033726e-10
34.14  1.82384893272809e-10
34.15  1.92179957106688e-09
34.16  1.43620517517354e-09
34.17  8.2277215796842e-11
34.18  5.88893245329083e-10
34.19  9.6706055695705e-10
34.2  8.06459654909028e-10
34.21  1.0788931793139e-09
34.22  1.1951083793487e-09
34.23  0
34.24  2.76328224630513e-09
34.25  2.02088848038831e-10
34.26  7.08553691396885e-10
34.27  7.5277539670709e-10
34.28  1.03295861953956e-09
34.29  1.11330467107932e-09
34.3  7.62281571320057e-10
34.31  4.68992156054282e-09
34.32  3.17986766437477e-09
34.33  4.11308896407357e-09
34.34  1.83523760835575e-09
34.35  2.26466396569553e-09
34.36  9.97974645477251e-10
34.37  1.47612650628001e-09
34.38  1.09249340464945e-09
34.39  4.09211889953125e-10
34.4  2.08490850002318e-09
34.41  2.15944863522252e-09
34.42  1.17781524143041e-09
34.43  1.55615178918855e-09
34.44  3.57405381503819e-10
34.45  3.86393189222864e-09
34.46  1.04558547542309e-09
34.47  1.85190715927326e-09
34.48  1.5274452319792e-09
34.49  2.36541093268998e-09
34.5  2.35542523157856e-09
34.51  4.60850481259036e-10
34.52  2.05622710664932e-10
34.53  1.2437927200696e-09
34.54  1.44985606471704e-09
34.55  3.67950383721287e-10
34.56  3.66488697102216e-11
34.57  4.05932806641815e-10
34.58  7.05205338979674e-10
34.59  1.01005848292636e-09
34.6  1.42725791141835e-09
34.61  3.99927006836261e-14
34.62  1.52591055976899e-09
34.63  1.28318952279392e-09
34.64  1.95345666630189e-09
34.65  1.63064439801561e-09
34.66  2.53871005209142e-09
34.67  3.42299076891558e-09
34.68  3.17039540650138e-09
34.69  1.59895609434429e-09
34.7  2.31230981147962e-09
34.71  3.32798782838169e-11
34.72  2.9660643309291e-09
34.73  4.67818544279469e-10
34.74  1.45784576925509e-09
34.75  4.44753480050624e-09
34.76  1.78676761081239e-09
34.77  3.38687090534056e-09
34.78  2.32100582589924e-11
34.79  2.85191710793879e-09
34.8  0
34.81  4.99225014725276e-10
34.82  1.50282405906531e-09
34.83  1.561872633937e-09
34.84  1.23550353157934e-09
34.85  6.77138960780323e-10
34.86  5.31983013030764e-09
34.87  1.89799092711978e-09
34.88  2.00886241644921e-09
34.89  4.34473147835088e-10
34.9  9.14006443307272e-10
34.91  5.14891234756863e-11
34.92  3.45277073234694e-09
34.93  4.14930176987489e-10
34.94  0
34.95  2.09745030843879e-09
34.96  9.32091287524292e-10
34.97  1.87509427277635e-09
34.98  1.61834953099392e-09
34.99  1.98710542973547e-10
35  4.68733512271473e-09
35.01  0
35.02  7.29401212933083e-10
35.03  4.2385526026781e-10
35.04  8.64026804478871e-10
35.05  5.54061083428713e-10
35.06  0
35.07  5.1020288731246e-10
35.08  5.89623595474758e-10
35.09  9.44080848581164e-10
35.1  5.0988968688653e-10
35.11  1.51865002545663e-09
35.12  1.26160772100803e-09
35.13  3.1266095557085e-09
35.14  1.10756108372055e-09
35.15  2.43110262511647e-09
35.16  1.9476458525128e-10
35.17  1.26600381333617e-09
35.18  0
35.19  4.90198474246159e-10
35.2  6.55119726221193e-11
35.21  3.40217376555117e-09
35.22  1.21842603371836e-09
35.23  7.3697759650384e-10
35.24  2.99064544148156e-09
35.25  2.91333468721006e-09
35.26  4.22904599388226e-09
35.27  6.06803386115863e-10
35.28  1.93248754622003e-09
35.29  2.21726302469343e-10
35.3  2.50264673679325e-09
35.31  1.99689507092705e-09
35.32  1.59842692959319e-09
35.33  2.67759222062442e-09
35.34  2.14497624836616e-09
35.35  1.84855292156282e-09
35.36  4.77037918317897e-10
35.37  9.13210140083477e-10
35.38  5.74178847849311e-11
35.39  3.63499142944602e-09
35.4  1.2546564739979e-09
35.41  1.56123727099289e-09
35.42  1.04799312739445e-09
35.43  1.96388286282869e-09
35.44  4.28473118041605e-11
35.45  2.35072268807768e-09
35.46  8.1748173043995e-10
35.47  0
35.48  1.96877685410381e-09
35.49  2.53888146650831e-09
35.5  3.12483905052772e-09
35.51  9.53764626884304e-10
35.52  1.7189579789428e-09
35.53  2.03217399458368e-09
35.54  2.12111478178144e-09
35.55  2.40249276420932e-09
35.56  1.52226130277701e-09
35.57  1.08097589537958e-09
35.58  7.74590815607718e-10
35.59  3.6153520694946e-09
35.6  2.71040843713166e-09
35.61  3.79981882253739e-09
35.62  1.08817711087276e-09
35.63  4.7159934852341e-10
35.64  1.51052388489595e-10
35.65  2.97796356440847e-09
35.66  1.15833366528913e-10
35.67  4.03457920321519e-09
35.68  7.42823377641792e-10
35.69  5.34744643504861e-10
35.7  1.37449739370971e-09
35.71  1.65262832563556e-09
35.72  1.3209317084762e-09
35.73  1.59202666669452e-09
35.74  5.43999059083521e-10
35.75  3.43942030467708e-10
35.76  5.13245652852873e-09
35.77  1.04816360941984e-09
35.78  3.45015272227496e-09
35.79  6.67903800256111e-10
35.8  2.05038725260984e-09
35.81  3.90653015285847e-10
35.82  9.38082493875596e-10
35.83  3.15226673147292e-09
35.84  3.09860404450917e-09
35.85  1.18752295789246e-09
35.86  3.35454740730427e-09
35.87  5.71987153523284e-10
35.88  2.24601577631071e-09
35.89  1.94247463600534e-09
35.9  2.14987940958729e-09
35.91  1.00733273863832e-09
35.92  2.63403790747999e-09
35.93  2.84742248006445e-09
35.94  1.39733376229523e-09
35.95  1.3389777122153e-09
35.96  1.53134981231268e-09
35.97  3.08620652086444e-09
35.98  5.44856523536239e-10
35.99  1.93599465482754e-09
36  3.47847937629935e-10
36.01  5.1976980160543e-10
36.02  1.61137001547011e-09
36.03  1.40993635732853e-09
36.04  5.57005345401531e-11
36.05  1.07238325701224e-09
36.06  9.74444997114408e-10
36.07  3.64533381478414e-09
36.08  1.10960197071043e-09
36.09  2.00680330482323e-10
36.1  1.53737096170719e-10
36.11  8.5547651020427e-10
36.12  9.70371522759562e-10
36.13  1.40152757451656e-09
36.14  1.63879622776345e-10
36.15  2.0439389504556e-09
36.16  1.13483093229159e-09
36.17  2.53015395969518e-09
36.18  1.50752485114617e-09
36.19  1.03346245478883e-09
36.2  2.91754514628561e-12
36.21  3.38551098298065e-10
36.22  8.97086871402479e-11
36.23  7.19970863529532e-11
36.24  3.6069150846855e-09
36.25  7.64729973784711e-10
36.26  5.65767774290306e-10
36.27  1.06174459285974e-09
36.28  2.01529055790202e-09
36.29  4.89853991588107e-10
36.3  3.24937070341571e-09
36.31  2.54549822736461e-10
36.32  1.36445526497931e-09
36.33  2.40077369045274e-09
36.34  8.51635987051333e-10
36.35  2.90579153333841e-09
36.36  1.61329820842058e-09
36.37  2.19591471306843e-09
36.38  1.45721164864468e-09
36.39  7.01374579124962e-10
36.4  1.34161565826127e-10
36.41  5.5805864192809e-10
36.42  5.24967467100727e-10
36.43  4.28339624999851e-10
36.44  1.10586039875211e-09
36.45  4.16707092749667e-09
36.46  2.05950085832577e-10
36.47  2.31733440957828e-09
36.48  9.51421609714216e-10
36.49  1.05832483173826e-09
36.5  2.02560524813051e-09
36.51  3.45012171977183e-09
36.52  3.92927808907521e-09
36.53  4.00330065539537e-10
36.54  4.64579787905901e-09
36.55  1.71545185154055e-09
36.56  1.28797975058669e-09
36.57  1.37650851976657e-09
36.58  1.24286269202037e-09
36.59  1.34320361693007e-09
36.6  1.45238997172686e-09
36.61  2.42963493344021e-09
36.62  4.52186927186186e-09
36.63  3.86969610401594e-10
36.64  4.4054547845548e-09
36.65  3.05360350750498e-09
36.66  1.07399618519191e-09
36.67  3.75385819798315e-10
36.68  6.01432047928502e-10
36.69  8.40578371429042e-10
36.7  1.71795111522843e-09
36.71  2.96446190194606e-09
36.72  7.54920613529332e-11
36.73  3.64183359067402e-13
36.74  7.15384005686543e-10
36.75  1.13287909727929e-09
36.76  1.45704910105437e-09
36.77  7.67497359478315e-10
36.78  7.18727493583963e-10
36.79  1.37187928376242e-09
36.8  9.21070263165818e-10
36.81  3.25502809248106e-09
36.82  7.2912432213599e-11
36.83  3.64444176986521e-11
36.84  2.44070643287544e-09
36.85  1.17398203138595e-09
36.86  0
36.87  4.06048139449798e-10
36.88  2.74146619643619e-09
36.89  3.40533842756098e-09
36.9  1.20726662437171e-09
36.91  2.97866848816684e-09
36.92  2.12249793477297e-09
36.93  7.09323891311168e-09
36.94  2.60284756767981e-09
36.95  4.73920209712066e-09
36.96  1.80888764641853e-11
36.97  1.38418495846202e-09
36.98  7.18208846888799e-09
36.99  2.21783136103154e-09
37  2.68329268168687e-09
37.01  3.76550171719407e-10
37.02  2.43056702297867e-09
37.03  5.22767865036553e-10
37.04  8.51651263332056e-10
37.05  2.23747375402212e-09
37.06  7.00950654856282e-10
37.07  3.8016598328021e-09
37.08  8.49976537402278e-10
37.09  7.23571061544378e-10
37.1  3.58253621904462e-09
37.11  1.24530210952798e-09
37.12  5.89112110765801e-10
37.13  1.14452587368408e-10
37.14  2.83352847022606e-11
37.15  0
37.16  7.81435561150773e-10
37.17  0
37.18  5.93230899075451e-10
37.19  1.21677502363034e-09
37.2  1.99407308523293e-09
37.21  2.02057499896521e-09
37.22  3.85395355287501e-09
37.23  1.69821739193178e-10
37.24  2.33756284945805e-09
37.25  7.65965626591827e-10
37.26  6.78024938885107e-10
37.27  6.89961172662839e-10
37.28  7.73674889676918e-10
37.29  1.81618970539753e-09
37.3  1.89323721344043e-09
37.31  3.99582722211625e-09
37.32  4.33239232604101e-09
37.33  2.85966990084876e-09
37.34  3.63550324051692e-09
37.35  1.80451540426718e-09
37.36  2.67003499500419e-09
37.37  1.61392110961324e-09
37.38  6.15232484018126e-10
37.39  1.97314764364282e-09
37.4  1.20913220293686e-09
37.41  9.67389655272226e-10
37.42  2.71642784513908e-12
37.43  5.52890014643078e-10
37.44  4.23855046368586e-10
37.45  1.75758656677602e-09
37.46  5.25486119851622e-10
37.47  1.69616194666345e-09
37.48  2.72833386715274e-09
37.49  2.92327256244572e-09
37.5  1.56995679890991e-09
37.51  2.6551776163554e-09
37.52  2.57750436946359e-09
37.53  4.13869306223777e-09
37.54  1.47396304387213e-09
37.55  2.31801610849602e-10
37.56  4.91409235734425e-09
37.57  1.29765307456174e-11
37.58  1.73679229580181e-09
37.59  1.75764292511295e-09
37.6  3.2209996474071e-09
37.61  1.98387361044128e-09
37.62  2.73662545558881e-09
37.63  1.99859308338581e-09
37.64  5.27721707865495e-09
37.65  5.39124546536073e-10
37.66  8.94744164870523e-10
37.67  8.87296249027602e-10
37.68  3.21170167975121e-10
37.69  3.47097336552902e-09
37.7  1.80723801353475e-09
37.71  1.43958534203838e-09
37.72  4.20462173989245e-10
37.73  1.6841692155366e-09
37.74  3.27328963745434e-10
37.75  2.08969917669971e-09
37.76  1.84447622941671e-09
37.77  2.13580815510613e-09
37.78  2.06204855270589e-09
37.79  4.87374362719435e-10
37.8  1.25333359858589e-09
37.81  7.00661453045134e-10
37.82  1.47212685712743e-09
37.83  6.21239656521076e-10
37.84  6.45912926830621e-10
37.85  3.17938122340993e-10
37.86  1.24685394445607e-09
37.87  1.27974409541167e-09
37.88  3.3237517971848e-09
37.89  1.46346589740686e-09
37.9  4.08763289194495e-09
37.91  1.62831492736798e-09
37.92  2.6495436976352e-09
37.93  1.12903730615099e-10
37.94  2.0019111619813e-09
37.95  1.48865137099656e-09
37.96  2.9250072971055e-09
37.97  4.1679357989238e-09
37.98  2.48759176107879e-10
37.99  1.59969535895698e-09
38  1.22967392056789e-09
38.01  1.58273823314702e-09
38.02  8.89426410486414e-10
38.03  1.82446589404405e-09
38.04  1.64864198952025e-10
38.05  1.57654994328449e-09
38.06  9.583724033669e-11
38.07  3.66487571775616e-09
38.08  2.71452082187109e-09
38.09  1.16285382228096e-09
38.1  3.6676652613065e-09
38.11  2.61717255384345e-10
38.12  1.99218665069948e-09
38.13  3.228855857703e-09
38.14  1.61841988374073e-09
38.15  5.82389163319578e-09
38.16  3.97097792581469e-09
38.17  2.50941907405257e-09
38.18  3.56508298267771e-09
38.19  4.74519940322836e-09
38.2  1.87749433499677e-09
38.21  5.37248335433585e-09
38.22  1.94453422204882e-10
38.23  5.78550108766394e-09
38.24  1.83087893890166e-11
38.25  2.81433960391333e-09
38.26  8.5776480709701e-10
38.27  3.9111113048328e-09
38.28  6.62672167799514e-10
38.29  3.763019298636e-10
38.3  2.30002850690252e-10
38.31  3.26346587690422e-10
38.32  1.48129010689412e-09
38.33  1.1283928670036e-09
38.34  6.87505807459629e-09
38.35  1.81374805632942e-09
38.36  2.90762511135609e-09
38.37  8.43904147486807e-10
38.38  3.86481132946068e-09
38.39  1.00847016610864e-09
38.4  4.36200388860556e-10
38.41  1.56396829749598e-09
38.42  3.90816029191286e-09
38.43  1.54323317956156e-09
38.44  3.99407644289874e-09
38.45  2.95013218683643e-09
38.46  4.17935174076223e-10
38.47  2.8031726522323e-09
38.48  2.96463451506223e-09
38.49  3.80475492129188e-09
38.5  1.50600732877757e-09
38.51  3.76997346341998e-09
38.52  2.92896218933134e-09
38.53  3.21847965595198e-09
38.54  3.75423372599988e-09
38.55  2.33451887304431e-09
38.56  6.94652932037296e-10
38.57  5.68564031053345e-10
38.58  2.11519142274587e-10
38.59  0
38.6  0
38.61  0
38.62  6.82469750602069e-10
38.63  1.14760813852443e-11
38.64  3.00966057821119e-09
38.65  1.30440339835498e-09
38.66  3.12114783254918e-09
38.67  3.76768906232298e-10
38.68  3.81116110394544e-09
38.69  1.72222819023224e-11
38.7  3.65408717330131e-09
38.71  1.79101012084362e-09
38.72  1.29499561242914e-09
38.73  0
38.74  1.13725213376983e-09
38.75  8.21677223731443e-11
38.76  2.2571340873504e-09
38.77  2.16058871868146e-09
38.78  1.35082283422981e-09
38.79  6.86141311720701e-10
38.8  9.56007248529071e-10
38.81  2.84270401599581e-09
38.82  1.73285680590051e-09
38.83  3.71720191084234e-09
38.84  7.62576465166041e-10
38.85  3.39727622196005e-09
38.86  1.08502890739438e-09
38.87  2.77518313582034e-09
38.88  2.35212264335896e-10
38.89  1.56020650855908e-09
38.9  1.18657393962262e-09
38.91  3.06195360906879e-09
38.92  3.10440898240214e-09
38.93  2.93064458476719e-09
38.94  1.8849657853453e-09
38.95  1.17155248803547e-09
38.96  1.63882794738623e-09
38.97  2.76335778131936e-09
38.98  1.91239836688285e-09
38.99  1.91457154553695e-09
39  2.22240629793963e-09
39.01  1.40843279922364e-09
39.02  1.93213249342916e-09
39.03  8.65525037964571e-10
39.04  3.4620040426385e-09
39.05  4.81264475435574e-10
39.06  4.770578108481e-09
39.07  1.79174497862876e-09
39.08  2.79706355524778e-09
39.09  7.13277366192079e-10
39.1  2.79274547238134e-09
39.11  4.32557803405618e-10
39.12  2.16155781515518e-09
39.13  8.17858803714794e-10
39.14  2.47883715157856e-09
39.15  2.02333944935808e-10
39.16  1.75220815167709e-09
39.17  3.20618062382965e-10
39.18  5.55365305794165e-10
39.19  1.39990509196272e-10
39.2  6.78449322299449e-10
39.21  1.01541097298295e-09
39.22  2.68763325409642e-09
39.23  2.98308006462208e-09
39.24  4.07492817601006e-09
39.25  2.0574831554466e-09
39.26  1.12160185429381e-09
39.27  1.96640607794586e-09
39.28  4.79822535582561e-09
39.29  7.28104177023755e-10
39.3  3.695809411503e-09
39.31  7.0281784904029e-10
39.32  4.37729784348736e-09
39.33  6.42945456494621e-10
39.34  1.70527384530868e-09
39.35  1.26423345723602e-09
39.36  2.1000660154794e-09
39.37  2.01287483873038e-09
39.38  1.41934344985185e-09
39.39  2.26490811013789e-09
39.4  8.15600738040264e-10
39.41  1.34854491313769e-09
39.42  3.68212283527707e-09
39.43  3.43682365817054e-09
39.44  1.1743962368313e-09
39.45  8.44146196133311e-10
39.46  2.40424394930119e-09
39.47  1.07000093212857e-09
39.48  1.96398902447354e-10
39.49  9.03036081243308e-10
39.5  4.13391081761909e-09
39.51  7.92345042733965e-10
39.52  7.04028650267248e-10
39.53  4.07832444325531e-09
39.54  8.7127590736344e-10
39.55  2.90077762279437e-09
39.56  1.78797520228059e-09
39.57  3.37706388005699e-10
39.58  3.34206638112449e-09
39.59  7.57637773337681e-10
39.6  2.7763603954558e-09
39.61  2.78453076482431e-09
39.62  1.71552120841658e-09
39.63  3.49750497793726e-09
39.64  5.48989955964127e-09
39.65  2.86466134821634e-09
39.66  8.69412296651255e-09
39.67  2.3908776936622e-09
39.68  3.09596094595164e-09
39.69  2.38945743187861e-09
39.7  9.96250877746295e-10
39.71  5.91134655716871e-09
39.72  1.40599834518757e-09
39.73  5.44131152769798e-09
39.74  1.91205195117519e-11
39.75  9.2683365739573e-10
39.76  9.47846798661642e-10
39.77  5.6072508446793e-09
39.78  7.04790202708639e-11
39.79  2.19919037288321e-09
39.8  8.97583288958945e-10
39.81  1.48487585407642e-09
39.82  1.32365055794388e-09
39.83  5.94002022611509e-10
39.84  1.61960917520866e-09
39.85  3.33082295605006e-09
39.86  3.03056355125391e-09
39.87  5.60884542174201e-09
39.88  1.07817821123415e-09
39.89  1.68672517353141e-09
39.9  2.24236193170809e-09
39.91  2.14276708720162e-09
39.92  1.94694080116308e-09
39.93  6.31915546004187e-10
39.94  3.96521245657868e-09
39.95  1.18621170563676e-09
39.96  1.47075108591583e-09
39.97  0
39.98  3.47816191627415e-09
39.99  8.33004196998414e-10
40  4.42048243168758e-09
40.01  1.64550955400013e-09
40.02  2.77896660444854e-09
40.03  6.03004272930994e-10
40.04  1.04622246860673e-09
40.05  9.10692122683075e-10
40.06  4.44250945279586e-09
40.07  1.75208890405825e-09
40.08  4.543402893767e-09
40.09  2.86174771474444e-10
40.1  1.03381956146012e-09
