# Fix print output for fix 11
0.1  0
0.11  0
0.12  0
0.13  0
0.14  0
0.15  0
0.16  0
0.17  0
0.18  0
0.19  0
0.2  0
0.21  0
0.22  0
0.23  0
0.24  0
0.25  0
0.26  0
0.27  0
0.28  0
0.29  0
0.3  0
0.31  0
0.32  0
0.33  0
0.34  0
0.35  0
0.36  0
0.37  0
0.38  0
0.39  0
0.4  0
0.41  0
0.42  0
0.43  0
0.44  0
0.45  0
0.46  0
0.47  0
0.48  0
0.49  0
0.5  0
0.51  0
0.52  0
0.53  0
0.54  0
0.55  0
0.56  0
0.57  0
0.58  0
0.59  0
0.6  0
0.61  0
0.62  0
0.63  0
0.64  0
0.65  0
0.66  0
0.67  0
0.68  0
0.69  0
0.7  0
0.71  0
0.72  0
0.73  0
0.74  0
0.75  0
0.76  0
0.77  0
0.78  0
0.79  0
0.8  0
0.81  0
0.82  0
0.83  0
0.84  0
0.85  0
0.86  0
0.87  0
0.88  0
0.89  0
0.9  0
0.91  0
0.92  0
0.93  0
0.94  0
0.95  0
0.96  0
0.97  0
0.98  0
0.99  0
1  0
1.01  0
1.02  0
1.03  0
1.04  0
1.05  0
1.06  0
1.07  0
1.08  0
1.09  0
1.1  0
1.11  0
1.12  0
1.13  0
1.14  0
1.15  0
1.16  0
1.17  0
1.18  0
1.19  0
1.2  0
1.21  0
1.22  0
1.23  0
1.24  0
1.25  0
1.26  0
1.27  0
1.28  0
1.29  0
1.3  0
1.31  0
1.32  0
1.33  0
1.34  0
1.35  0
1.36  0
1.37  0
1.38  0
1.39  0
1.4  0
1.41  0
1.42  0
1.43  0
1.44  0
1.45  0
1.46  0
1.47  0
1.48  0
1.49  0
1.5  0
1.51  0
1.52  0
1.53  0
1.54  0
1.55  0
1.56  0
1.57  0
1.58  0
1.59  0
1.6  0
1.61  0
1.62  0
1.63  0
1.64  0
1.65  0
1.66  0
1.67  0
1.68  0
1.69  0
1.7  0
1.71  0
1.72  0
1.73  0
1.74  0
1.75  0
1.76  0
1.77  0
1.78  0
1.79  0
1.8  0
1.81  0
1.82  0
1.83  0
1.84  0
1.85  0
1.86  0
1.87  0
1.88  0
1.89  0
1.9  0
1.91  0
1.92  0
1.93  0
1.94  0
1.95  0
1.96  0
1.97  0
1.98  0
1.99  0
2  0
2.01  0
2.02  0
2.03  0
2.04  0
2.05  0
2.06  0
2.07  0
2.08  0
2.09  0
2.1  0
2.11  0
2.12  0
2.13  0
2.14  0
2.15  0
2.16  0
2.17  0
2.18  0
2.19  0
2.2  0
2.21  0
2.22  0
2.23  0
2.24  0
2.25  0
2.26  0
2.27  0
2.28  0
2.29  0
2.3  0
2.31  0
2.32  0
2.33  0
2.34  0
2.35  0
2.36  0
2.37  0
2.38  0
2.39  0
2.4  0
2.41  0
2.42  0
2.43  0
2.44  0
2.45  0
2.46  0
2.47  0
2.48  0
2.49  0
2.5  0
2.51  0
2.52  0
2.53  0
2.54  0
2.55  0
2.56  0
2.57  0
2.58  0
2.59  0
2.6  0
2.61  0
2.62  0
2.63  0
2.64  0
2.65  0
2.66  0
2.67  0
2.68  0
2.69  0
2.7  0
2.71  0
2.72  0
2.73  0
2.74  0
2.75  0
2.76  0
2.77  0
2.78  0
2.79  0
2.8  0
2.81  0
2.82  0
2.83  0
2.84  0
2.85  0
2.86  0
2.87  0
2.88  0
2.89  0
2.9  0
2.91  0
2.92  0
2.93  0
2.94  0
2.95  0
2.96  0
2.97  0
2.98  0
2.99  0
3  0
3.01  0
3.02  0
3.03  0
3.04  0
3.05  0
3.06  0
3.07  0
3.08  0
3.09  0
3.1  0
3.11  0
3.12  0
3.13  0
3.14  0
3.15  0
3.16  0
3.17  0
3.18  0
3.19  0
3.2  0
3.21  0
3.22  0
3.23  0
3.24  0
3.25  0
3.26  0
3.27  0
3.28  0
3.29  0
3.3  0
3.31  0
3.32  0
3.33  0
3.34  0
3.35  0
3.36  0
3.37  0
3.38  0
3.39  0
3.4  0
3.41  0
3.42  0
3.43  0
3.44  0
3.45  0
3.46  0
3.47  0
3.48  0
3.49  0
3.5  0
3.51  0
3.52  0
3.53  0
3.54  0
3.55  0
3.56  0
3.57  0
3.58  0
3.59  0
3.6  0
3.61  0
3.62  0
3.63  0
3.64  0
3.65  0
3.66  0
3.67  0
3.68  0
3.69  0
3.7  0
3.71  0
3.72  0
3.73  0
3.74  0
3.75  0
3.76  0
3.77  0
3.78  0
3.79  0
3.8  0
3.81  0
3.82  0
3.83  0
3.84  0
3.85  0
3.86  0
3.87  0
3.88  0
3.89  0
3.9  0
3.91  0
3.92  0
3.93  0
3.94  0
3.95  0
3.96  0
3.97  0
3.98  0
3.99  0
4  0
4.01  0
4.02  0
4.03  0
4.04  0
4.05  0
4.06  0
4.07  0
4.08  0
4.09  0
4.1  0
4.11  0
4.12  0
4.13  0
4.14  0
4.15  0
4.16  0
4.17  0
4.18  0
4.19  0
4.2  0
4.21  0
4.22  0
4.23  0
4.24  0
4.25  0
4.26  0
4.27  0
4.28  0
4.29  0
4.3  0
4.31  0
4.32  0
4.33  0
4.34  0
4.35  0
4.36  0
4.37  0
4.38  0
4.39  0
4.4  0
4.41  0
4.42  0
4.43  0
4.44  0
4.45  0
4.46  0
4.47  0
4.48  0
4.49  0
4.5  0
4.51  0
4.52  0
4.53  0
4.54  0
4.55  0
4.56  0
4.57  0
4.58  0
4.59  0
4.6  0
4.61  0
4.62  0
4.63  0
4.64  0
4.65  0
4.66  0
4.67  0
4.68  0
4.69  0
4.7  0
4.71  0
4.72  0
4.73  0
4.74  0
4.75  0
4.76  0
4.77  0
4.78  0
4.79  0
4.8  0
4.81  0
4.82  0
4.83  0
4.84  0
4.85  0
4.86  0
4.87  0
4.88  0
4.89  0
4.9  0
4.91  0
4.92  0
4.93  0
4.94  0
4.95  0
4.96  0
4.97  0
4.98  0
4.99  0
5  0
5.01  0
5.02  0
5.03  0
5.04  0
5.05  0
5.06  0
5.07  0
5.08  0
5.09  0
5.1  0
5.11  0
5.12  0
5.13  0
5.14  0
5.15  0
5.16  0
5.17  0
5.18  0
5.19  0
5.2  0
5.21  0
5.22  0
5.23  0
5.24  0
5.25  0
5.26  0
5.27  0
5.28  0
5.29  0
5.3  0
5.31  0
5.32  0
5.33  0
5.34  0
5.35  0
5.36  0
5.37  0
5.38  0
5.39  0
5.4  0
5.41  0
5.42  0
5.43  0
5.44  0
5.45  0
5.46  0
5.47  0
5.48  0
5.49  1.13285517393186e-11
5.5  0
5.51  0
5.52  0
5.53  1.87749379287521e-10
5.54  0
5.55  3.51570740390762e-10
5.56  3.28070799810199e-09
5.57  1.18872369257591e-10
5.58  2.71132581183743e-10
5.59  0
5.6  0
5.61  0
5.62  0
5.63  6.57995303852047e-10
5.64  6.59971788478582e-11
5.65  1.43345973342091e-10
5.66  0
5.67  1.00918254086196e-10
5.68  0
5.69  0
5.7  0
5.71  5.88439300076998e-10
5.72  1.60351522025758e-09
5.73  0
5.74  0
5.75  0
5.76  1.19797158552584e-10
5.77  1.05013918067802e-09
5.78  5.72674430583011e-10
5.79  0
5.8  3.64571923815549e-10
5.81  0
5.82  2.48955534931231e-10
5.83  9.6892722938505e-10
5.84  0
5.85  0
5.86  0
5.87  0
5.88  0
5.89  3.15896473910355e-12
5.9  7.47841930410628e-10
5.91  0
5.92  8.46533442214113e-10
5.93  3.01337264283233e-10
5.94  0
5.95  0
5.96  0
5.97  1.51927535081751e-09
5.98  0
5.99  0
6  2.38497025548746e-11
6.01  7.24434219890211e-10
6.02  0
6.03  6.52299229838321e-11
6.04  0
6.05  0
6.06  7.53455658582008e-12
6.07  0
6.08  0
6.09  2.70737839210211e-10
6.1  0
6.11  0
6.12  0
6.13  0
6.14  0
6.15  5.34857935690966e-11
6.16  0
6.17  1.29106482003027e-09
6.18  5.40560465337789e-11
6.19  0
6.2  0
6.21  0
6.22  0
6.23  2.37169571103724e-09
6.24  0
6.25  2.05286527415688e-13
6.26  1.45081155972826e-09
6.27  1.02815717875692e-10
6.28  0
6.29  0
6.3  1.21104976333016e-10
6.31  3.22093189395582e-10
6.32  0
6.33  0
6.34  0
6.35  0
6.36  8.31614614377981e-10
6.37  0
6.38  0
6.39  0
6.4  0
6.41  0
6.42  0
6.43  0
6.44  5.70619013311272e-10
6.45  0
6.46  2.91872298501096e-10
6.47  3.51616832302819e-10
6.48  0
6.49  1.03441001796751e-11
6.5  0
6.51  0
6.52  0
6.53  1.96443889403876e-11
6.54  6.09593063331878e-10
6.55  2.71014743913992e-10
6.56  1.08891993880046e-09
6.57  0
6.58  0
6.59  0
6.6  0
6.61  0
6.62  3.68328898407932e-13
6.63  1.89792496277163e-10
6.64  0
6.65  5.07953154937804e-10
6.66  9.29199318817888e-11
6.67  0
6.68  5.16341331312527e-11
6.69  1.99166158137064e-13
6.7  0
6.71  8.71009872727147e-11
6.72  0
6.73  3.06172684457773e-10
6.74  1.00988788716936e-09
6.75  7.9342659398742e-11
6.76  2.12459392042948e-11
6.77  1.58827720155602e-12
6.78  5.08355816263869e-12
6.79  8.95277792134016e-10
6.8  1.79398483789533e-10
6.81  1.26163319606957e-09
6.82  0
6.83  0
6.84  4.99794759516733e-10
6.85  1.71089689245995e-11
6.86  0
6.87  1.51451840512915e-10
6.88  3.17298698838351e-10
6.89  7.58144429641072e-11
6.9  1.47889771510136e-09
6.91  4.90074578443505e-10
6.92  0
6.93  2.22556716565515e-10
6.94  7.44340475559803e-10
6.95  8.28621420341788e-12
6.96  2.6470681917581e-11
6.97  8.33028804411809e-11
6.98  0
6.99  9.21228667318548e-10
7  0
7.01  0
7.02  0
7.03  0
7.04  0
7.05  1.79243697491394e-10
7.06  3.98932977180913e-10
7.07  0
7.08  0
7.09  8.20975537152579e-12
7.1  0
7.11  3.82163115152997e-10
7.12  2.46489120246701e-10
7.13  0
7.14  0
7.15  1.32861289815148e-10
7.16  1.11946482012181e-11
7.17  0
7.18  9.09732745788684e-10
7.19  1.41271863801855e-10
7.2  1.18942211776034e-10
7.21  3.03994555244823e-11
7.22  1.41619014543587e-10
7.23  0
7.24  1.90468211375947e-11
7.25  1.21432515575787e-10
7.26  1.07136631721822e-09
7.27  0
7.28  1.36354089672996e-12
7.29  0
7.3  0
7.31  0
7.32  1.5730888184651e-09
7.33  0
7.34  0
7.35  8.9109153888046e-11
7.36  0
7.37  0
7.38  0
7.39  0
7.4  0
7.41  7.46802786794292e-10
7.42  0
7.43  8.81585397359418e-13
7.44  0
7.45  0
7.46  6.92773423612144e-14
7.47  0
7.48  2.13850080680072e-10
7.49  5.95883085487277e-10
7.5  8.89041216008063e-11
7.51  0
7.52  0
7.53  1.17224593286403e-10
7.54  0
7.55  1.55354739360304e-10
7.56  0
7.57  1.04789362123921e-10
7.58  3.45435973125852e-11
7.59  2.39536977351726e-10
7.6  1.11571426390605e-09
7.61  1.56860041024315e-09
7.62  1.9160446391383e-10
7.63  4.914686336763e-10
7.64  0
7.65  0
7.66  1.2078369682087e-09
7.67  0
7.68  0
7.69  2.56837063477406e-10
7.7  0
7.71  0
7.72  0
7.73  0
7.74  0
7.75  6.30214552440468e-10
7.76  0
7.77  0
7.78  0
7.79  0
7.8  0
7.81  1.08551703241316e-09
7.82  6.63970145785856e-10
7.83  0
7.84  1.35643942344469e-11
7.85  0
7.86  2.91552677364171e-11
7.87  0
7.88  0
7.89  1.59741129175088e-11
7.9  2.05973233907276e-10
7.91  2.93938188187521e-09
7.92  8.40538560863597e-11
7.93  0
7.94  7.58702892981762e-11
7.95  0
7.96  7.36546359263079e-10
7.97  7.28812910532253e-11
7.98  0
7.99  1.86103214258662e-10
8  2.01742719816199e-10
8.01  0
8.02  4.69491807622819e-10
8.03  0
8.04  0
8.05  2.53619201398407e-10
8.06  4.3021471592043e-10
8.07  0
8.08  2.13811469779397e-09
8.09  3.87453028658891e-11
8.1  0
8.11  0
8.12  3.27017702909255e-11
8.13  0
8.14  2.34185103106717e-09
8.15  0
8.16  0
8.17  0
8.18  0
8.19  2.87291049877544e-09
8.2  5.80130951655732e-10
8.21  4.30164688890124e-10
8.22  0
8.23  0
8.24  0
8.25  1.11142913654441e-11
8.26  7.7655296244372e-10
8.27  0
8.28  0
8.29  0
8.3  0
8.31  0
8.32  0
8.33  3.3023741260679e-11
8.34  0
8.35  0
8.36  0
8.37  7.68132996689468e-10
8.38  7.73497830661875e-11
8.39  0
8.4  0
8.41  2.71296100930386e-10
8.42  2.6494445768901e-10
8.43  0
8.44  3.36588330822e-10
8.45  1.6331999875247e-10
8.46  0
8.47  0
8.48  0
8.49  1.02489256582354e-09
8.5  0
8.51  9.02502959519816e-11
8.52  0
8.53  0
8.54  0
8.55  0
8.56  0
8.57  0
8.58  4.63002930597864e-10
8.59  5.40138150268124e-11
8.6  0
8.61  0
8.62  2.88268946681972e-11
8.63  2.73785789926936e-10
8.64  9.94548882463638e-10
8.65  0
8.66  0
8.67  1.56892955563354e-10
8.68  6.63741641524803e-11
8.69  1.09966803839497e-10
8.7  0
8.71  1.90155462780264e-11
8.72  0
8.73  0
8.74  1.02212353279756e-09
8.75  2.81581217901389e-10
8.76  3.67049245474822e-12
8.77  7.99289968508642e-10
8.78  0
8.79  0
8.8  9.22713266953255e-10
8.81  0
8.82  1.96763344715863e-10
8.83  2.36394141743837e-09
8.84  9.90214878272921e-11
8.85  7.72460993201962e-10
8.86  4.39830458836583e-11
8.87  0
8.88  4.77097335492273e-10
8.89  0
8.9  0
8.91  9.05351157304781e-10
8.92  2.29098597209847e-09
8.93  0
8.94  0
8.95  0
8.96  0
8.97  7.90763606983961e-10
8.98  0
8.99  0
9  0
9.01  1.57564624824789e-11
9.02  5.08745627119666e-10
9.03  0
9.04  6.31234653286656e-11
9.05  0
9.06  0
9.07  9.46745199695919e-10
9.08  0
9.09  4.60225841065117e-12
9.1  1.00122704382852e-09
9.11  2.39841614567993e-10
9.12  0
9.13  1.45731666862265e-09
9.14  2.99022287168657e-12
9.15  5.0372033791588e-10
9.16  3.70697727236051e-10
9.17  0
9.18  0
9.19  2.33246813759129e-12
9.2  0
9.21  0
9.22  0
9.23  9.83814937269958e-11
9.24  7.42237055165249e-11
9.25  0
9.26  1.0866523212035e-10
9.27  0
9.28  0
9.29  2.57059815583988e-10
9.3  0
9.31  0
9.32  0
9.33  0
9.34  0
9.35  0
9.36  1.98194930458785e-10
9.37  3.29915224017811e-12
9.38  0
9.39  3.35642805490601e-11
9.4  0
9.41  0
9.42  0
9.43  0
9.44  0
9.45  0
9.46  1.42231492801527e-09
9.47  0
9.48  1.36283628399342e-12
9.49  0
9.5  1.10432724017247e-10
9.51  0
9.52  1.5237385493268e-09
9.53  6.0357748338416e-13
9.54  0
9.55  1.31732429347338e-10
9.56  9.31776664376893e-11
9.57  1.1594292525916e-09
9.58  4.87744578427969e-10
9.59  0
9.6  6.0096633037266e-10
9.61  0
9.62  0
9.63  0
9.64  0
9.65  0
9.66  5.58788622997698e-11
9.67  1.05124752603227e-11
9.68  8.35483235275087e-12
9.69  4.90440227806285e-12
9.7  2.99229863761718e-11
9.71  1.18344340034926e-10
9.72  5.1346843408696e-10
9.73  3.87081591605078e-09
9.74  1.04701347335438e-09
9.75  0
9.76  0
9.77  2.85222281566968e-11
9.78  1.19466571347645e-09
9.79  2.41953220687013e-11
9.8  4.33568279506812e-10
9.81  0
9.82  6.51738841115672e-11
9.83  9.36012853472138e-10
9.84  0
9.85  2.15021050761865e-10
9.86  9.85582928051681e-10
9.87  1.06394318624641e-10
9.88  0
9.89  7.64443499520184e-12
9.9  8.94274179122606e-10
9.91  6.23872052891698e-10
9.92  8.15913439508723e-10
9.93  9.50574113091871e-11
9.94  0
9.95  6.93125431447909e-10
9.96  0
9.97  0
9.98  0
9.99  1.8725264804707e-09
10  6.49079618880412e-10
10.01  9.94703367637005e-10
10.02  6.16185168140407e-10
10.03  4.1562021623542e-10
10.04  1.3380364812227e-11
10.05  0
10.06  0
10.07  2.0349356464048e-10
10.08  2.90876454179887e-09
10.09  1.1452463857178e-10
10.1  8.80445956160847e-10
10.11  7.37483411088296e-11
10.12  1.73849487361023e-11
10.13  1.47111966134099e-10
10.14  0
10.15  4.32883271005655e-10
10.16  3.58658264654373e-10
10.17  1.6790122213968e-10
10.18  0
10.19  4.08110204649106e-11
10.2  3.80835379680977e-12
10.21  0
10.22  1.84990531240747e-11
10.23  5.26065205573571e-11
10.24  3.83115163263268e-11
10.25  5.88886678462194e-10
10.26  0
10.27  9.0314654335317e-12
10.28  2.29999394030915e-10
10.29  5.39679431718482e-13
10.3  1.03104023331552e-09
10.31  0
10.32  0
10.33  5.01454132781974e-11
10.34  4.8105713849804e-11
10.35  0
10.36  7.89005186003319e-16
10.37  5.03408303817376e-11
10.38  2.39732023588156e-10
10.39  2.47330558205166e-09
10.4  9.55757475691177e-11
10.41  0
10.42  0
10.43  0
10.44  1.26446770330576e-09
10.45  1.02188142862243e-10
10.46  1.78772385146773e-13
10.47  6.46143104405457e-11
10.48  0
10.49  7.29047534593879e-10
10.5  0
10.51  0
10.52  0
10.53  3.80368380562606e-12
10.54  1.54338429340159e-09
10.55  0
10.56  0
10.57  8.4666084854957e-11
10.58  6.35501155030512e-10
10.59  8.29750160782317e-10
10.6  0
10.61  4.74900544887972e-10
10.62  1.54601399052989e-10
10.63  0
10.64  2.90578977165327e-11
10.65  0
10.66  2.47334553182021e-10
10.67  3.28923844891281e-10
10.68  6.11570325748738e-13
10.69  5.20719687533834e-10
10.7  6.65415509418557e-11
10.71  3.00486532729107e-10
10.72  1.8008362870503e-12
10.73  0
10.74  7.35491846901921e-11
10.75  5.13346323411102e-10
10.76  0
10.77  3.39321216478904e-10
10.78  1.41652635414365e-10
10.79  0
10.8  0
10.81  3.10885654133242e-12
10.82  9.45133284314346e-12
10.83  0
10.84  4.48146999435076e-10
10.85  7.98784492710329e-12
10.86  0
10.87  1.3708550078841e-10
10.88  2.25072178184048e-09
10.89  0
10.9  3.05822965734912e-10
10.91  7.01166165918701e-12
10.92  0
10.93  0
10.94  1.13868655221775e-09
10.95  1.64594076139021e-10
10.96  0
10.97  0
10.98  0
10.99  0
11  2.85714586110141e-10
11.01  0
11.02  1.45180444412757e-11
11.03  0
11.04  0
11.05  0
11.06  4.21058835209907e-10
11.07  0
11.08  2.09303829743291e-10
11.09  0
11.1  0
11.11  1.1887677255929e-09
11.12  3.35853867365651e-10
11.13  9.74891500953184e-10
11.14  1.52848983376733e-09
11.15  4.23545924478608e-10
11.16  1.84413411169457e-09
11.17  3.68185741288007e-10
11.18  2.97512669389228e-12
11.19  0
11.2  4.36826051672952e-11
11.21  1.63218408526709e-09
11.22  8.34123378666049e-10
11.23  1.26110340387907e-11
11.24  0
11.25  2.05211786742637e-10
11.26  1.73969935503821e-10
11.27  0
11.28  3.95532518076375e-10
11.29  4.35717677436429e-10
11.3  0
11.31  0
11.32  0
11.33  0
11.34  0
11.35  1.88028375047793e-11
11.36  0
11.37  0
11.38  0
11.39  3.31189020763527e-10
11.4  0
11.41  1.69615431734198e-10
11.42  7.85057442060732e-10
11.43  0
11.44  2.77301898304362e-11
11.45  0
11.46  3.14614762920683e-10
11.47  3.6213301032208e-10
11.48  1.5666685147746e-09
11.49  1.38072943629883e-10
11.5  0
11.51  2.89423795927075e-10
11.52  6.8274621146122e-11
11.53  1.2192532415261e-10
11.54  1.25216833739035e-10
11.55  0
11.56  2.13369573761406e-10
11.57  6.18989006406924e-11
11.58  0
11.59  2.40722316060693e-10
11.6  2.18973820948901e-09
11.61  1.0749705555922e-14
11.62  4.08652901697916e-10
11.63  0
11.64  0
11.65  1.70808914817707e-09
11.66  0
11.67  5.29499837126854e-10
11.68  0
11.69  4.95165647995157e-13
11.7  1.16365805095203e-10
11.71  1.34317992426291e-10
11.72  6.32343853205951e-10
11.73  1.47563927132967e-09
11.74  1.36691133471082e-09
11.75  5.08805480790807e-11
11.76  0
11.77  0
11.78  2.61644796437474e-10
11.79  1.51097267533919e-09
11.8  3.95840448025408e-10
11.81  9.37337800534264e-11
11.82  2.59349474951876e-10
11.83  0
11.84  1.37505702185967e-09
11.85  0
11.86  8.35546158727655e-11
11.87  1.33097975681921e-09
11.88  0
11.89  3.09767502805259e-10
11.9  5.80838955688334e-11
11.91  0
11.92  0
11.93  4.91545527555169e-11
11.94  6.45632886594465e-10
11.95  3.10256891887892e-10
11.96  0
11.97  3.31295814007363e-11
11.98  7.22666324867015e-10
11.99  0
12  1.33575260266346e-09
12.01  1.06470615519139e-10
12.02  0
12.03  1.14016856377841e-09
12.04  6.55315283623881e-11
12.05  5.01124265279449e-11
12.06  4.3610566781656e-12
12.07  5.82271032894477e-10
12.08  0
12.09  2.24474158062186e-10
12.1  9.2108006251222e-10
12.11  6.82085145014345e-10
12.12  0
12.13  1.99135846770923e-11
12.14  2.58885495287276e-10
12.15  8.02283189963837e-10
12.16  1.52000708549446e-10
12.17  0
12.18  0
12.19  2.99622589674149e-10
12.2  9.27834043228774e-12
12.21  4.17744814055122e-10
12.22  9.52531958107767e-11
12.23  2.69591369868936e-10
12.24  0
12.25  0
12.26  2.71797579783444e-10
12.27  1.73741298143912e-10
12.28  6.8728319328233e-10
12.29  0
12.3  2.19382889515674e-10
12.31  0
12.32  8.13961302963728e-10
12.33  1.43363254633364e-09
12.34  3.17800372346147e-10
12.35  4.57301589694412e-10
12.36  0
12.37  1.77446914545049e-10
12.38  6.57644237057137e-11
12.39  0
12.4  1.0334170237556e-11
12.41  3.80815033217775e-10
12.42  9.9718776691339e-10
12.43  2.62761793312305e-09
12.44  3.01466550519089e-09
12.45  0
12.46  0
12.47  0
12.48  0
12.49  4.83773392631227e-11
12.5  7.41724728913179e-11
12.51  4.16342180010792e-10
12.52  5.21575232469705e-10
12.53  0
12.54  2.64052395296979e-11
12.55  1.50235907586782e-09
12.56  3.1973738869092e-10
12.57  5.46186015678313e-10
12.58  0
12.59  1.97382941260021e-10
12.6  0
12.61  0
12.62  1.49515519820165e-09
12.63  1.02924415693304e-09
12.64  1.55435738179876e-10
12.65  0
12.66  0
12.67  0
12.68  7.03614656340264e-11
12.69  6.23934309614816e-10
12.7  0
12.71  1.69540121324197e-10
12.72  1.09165441375876e-09
12.73  1.75193692084413e-12
12.74  8.71417089401046e-10
12.75  0
12.76  0
12.77  0
12.78  1.08769900555846e-09
12.79  0
12.8  4.16030047435251e-10
12.81  5.5102527668919e-10
12.82  0
12.83  2.72982466735391e-10
12.84  1.86583022078015e-10
12.85  0
12.86  1.44866216514936e-10
12.87  0
12.88  0
12.89  2.30411544134278e-09
12.9  0
12.91  0
12.92  7.08979303261748e-10
12.93  0
12.94  0
12.95  8.69974895845841e-14
12.96  0
12.97  0
12.98  0
12.99  9.62909033375341e-11
13  1.63532645756369e-09
13.01  3.43241459053325e-10
13.02  0
13.03  0
13.04  0
13.05  6.89469924802501e-10
13.06  6.62829718509219e-10
13.07  4.0010885891439e-10
13.08  0
13.09  7.52201339086519e-11
13.1  0
13.11  2.71338778776209e-10
13.12  2.84957687844791e-10
13.13  6.74906995595024e-11
13.14  1.15286023651784e-09
13.15  2.13916967233548e-10
13.16  0
13.17  4.3590494674609e-10
13.18  0
13.19  1.14566102663903e-09
13.2  8.60411084914509e-10
13.21  1.49535976986791e-09
13.22  3.82375914365218e-10
13.23  8.4973732204909e-11
13.24  4.64533899572204e-10
13.25  2.47731386980775e-10
13.26  1.40797457582707e-10
13.27  0
13.28  2.83072559338532e-10
13.29  0
13.3  8.75276424163818e-10
13.31  7.51848249499187e-10
13.32  0
13.33  1.17106784669409e-09
13.34  5.39668092581966e-10
13.35  2.24121259756724e-10
13.36  1.37847429742729e-10
13.37  3.94887570927673e-10
13.38  7.79417953679025e-10
13.39  0
13.4  9.96785792791398e-10
13.41  1.78126270438469e-09
13.42  8.89566293917305e-10
13.43  4.48277370952667e-09
13.44  1.77450762326323e-15
13.45  0
13.46  7.40865773601648e-10
13.47  0
13.48  1.72393855845221e-10
13.49  7.14664942312644e-10
13.5  2.9683571347017e-09
13.51  0
13.52  6.01258463383715e-10
13.53  1.1403376031285e-09
13.54  2.2513580349937e-10
13.55  3.08668710378435e-10
13.56  1.57374469271952e-09
13.57  8.56389117039802e-10
13.58  0
13.59  0
13.6  3.4647490954958e-10
13.61  1.01458843447308e-09
13.62  3.37212155205782e-11
13.63  0
13.64  6.21079956899361e-10
13.65  0
13.66  1.04498987064624e-09
13.67  0
13.68  1.22456935625909e-11
13.69  6.6939246134829e-10
13.7  1.12876799526883e-09
13.71  7.48018834644313e-10
13.72  5.48529546563217e-10
13.73  7.88872917352268e-10
13.74  7.64458452960893e-10
13.75  1.33989427370093e-10
13.76  2.809649210378e-10
13.77  0
13.78  0
13.79  1.00223155751669e-09
13.8  0
13.81  6.88077216398833e-10
13.82  6.84827151670054e-12
13.83  0
13.84  8.41291687574795e-11
13.85  7.86501792090787e-10
13.86  2.45124510990355e-09
13.87  1.27166583174713e-09
13.88  0
13.89  0
13.9  3.9411225929652e-11
13.91  3.8297743780182e-10
13.92  4.8490910386705e-11
13.93  1.87701129806499e-12
13.94  0
13.95  1.68728720412066e-10
13.96  1.00279901698543e-10
13.97  6.63350241580268e-10
13.98  1.03765240404541e-10
13.99  3.51340311769156e-10
14  5.41304280831516e-11
14.01  3.35167114707535e-12
14.02  3.93342694761948e-10
14.03  4.54244273085087e-10
14.04  1.60565468676705e-09
14.05  0
14.06  1.22310759811909e-10
14.07  1.33348741309039e-12
14.08  1.96544641590399e-09
14.09  4.5728225974473e-10
14.1  0
14.11  0
14.12  0
14.13  1.05947757854818e-09
14.14  6.62672780009704e-10
14.15  7.10223327740864e-10
14.16  6.10052615495544e-12
14.17  0
14.18  7.80714366546544e-10
14.19  7.46199642174262e-13
14.2  9.28557138848288e-10
14.21  1.08756844155104e-09
14.22  0
14.23  0
14.24  6.00509027726571e-11
14.25  1.35493457121458e-09
14.26  1.73358413052403e-09
14.27  4.6326664090343e-10
14.28  0
14.29  0
14.3  3.80977972833179e-11
14.31  3.0261256682931e-10
14.32  9.50653876093742e-11
14.33  2.78615691280352e-10
14.34  2.04673214859696e-09
14.35  1.7186116592441e-09
14.36  0
14.37  4.54899300701846e-10
14.38  1.14536666399162e-10
14.39  0
14.4  2.23487924590664e-09
14.41  0
14.42  1.45293311717741e-10
14.43  3.33154503606236e-10
14.44  0
14.45  2.50351303913617e-09
14.46  5.18918602649042e-10
14.47  6.0815436482686e-10
14.48  0
14.49  2.00696532564024e-09
14.5  0
14.51  1.41576715306224e-10
14.52  2.88515228603275e-11
14.53  0
14.54  5.55588839333183e-10
14.55  1.38919541947029e-09
14.56  1.00417552328589e-11
14.57  0
14.58  0
14.59  7.65936417002219e-11
14.6  2.32046975193393e-09
14.61  6.75173462394493e-09
14.62  4.39677420416468e-10
14.63  9.21755044753241e-10
14.64  0
14.65  3.20623710247041e-10
14.66  6.63270375772333e-10
14.67  0
14.68  1.11549808058957e-09
14.69  1.40779310191e-11
14.7  4.54810159928496e-09
14.71  5.42656624783651e-12
14.72  0
14.73  7.15573173921409e-10
14.74  0
14.75  0
14.76  9.08387544318125e-10
14.77  2.22346194687502e-10
14.78  0
14.79  0
14.8  0
14.81  5.92164777958498e-10
14.82  1.99648827839919e-11
14.83  2.28366343507625e-09
14.84  4.01665647742862e-10
14.85  5.4756550020024e-10
14.86  0
14.87  5.25413495878081e-11
14.88  2.2117150546948e-10
14.89  0
14.9  2.17864835034805e-14
14.91  2.77847361909131e-12
14.92  2.83927075002632e-10
14.93  1.91660516913384e-10
14.94  3.32511790371684e-09
14.95  4.10576880945854e-10
14.96  1.14562743702066e-09
14.97  0
14.98  8.30991244950902e-10
14.99  7.10978434942738e-11
15  0
15.01  3.01086457554078e-12
15.02  0
15.03  0
15.04  1.34963979389039e-09
15.05  0
15.06  0
15.07  0
15.08  0
15.09  6.47876547099021e-10
15.1  7.07306618102598e-10
15.11  2.09646176301263e-10
15.12  0
15.13  0
15.14  6.94079050516699e-11
15.15  2.00024575966754e-10
15.16  2.22374998779315e-09
15.17  1.33207049873183e-10
15.18  0
15.19  0
15.2  3.53054736057502e-10
15.21  2.33629211365707e-10
15.22  1.93847452667638e-10
15.23  4.47419904361288e-10
15.24  9.13668516243685e-10
15.25  2.02085419364098e-11
15.26  1.42283963046393e-09
15.27  1.35059244225911e-10
15.28  0
15.29  0
15.3  3.53003187154987e-10
15.31  8.01211087395565e-10
15.32  1.39570717571215e-10
15.33  1.63643408903744e-12
15.34  3.06255307684929e-11
15.35  1.86825102795015e-09
15.36  2.16838251515448e-09
15.37  1.76191900647417e-09
15.38  8.01331709235647e-10
15.39  1.07112084037424e-09
15.4  0
15.41  5.65950437512799e-10
15.42  1.68389659393603e-09
15.43  0
15.44  3.10733213144454e-09
15.45  3.87612439972826e-10
15.46  1.06424780877032e-09
15.47  1.57134043793106e-09
15.48  0
15.49  0
15.5  0
15.51  5.05848710988207e-11
15.52  8.24675204845125e-11
15.53  4.31108600112058e-10
15.54  2.8183777525516e-10
15.55  2.75758112455265e-10
15.56  6.78293441853279e-10
15.57  3.95949100877252e-10
15.58  1.06218342564012e-10
15.59  2.73426980779027e-10
15.6  9.72029472686038e-10
15.61  3.33244991656168e-10
15.62  4.49342282361383e-10
15.63  1.10370326893884e-09
15.64  0
15.65  9.42444281800933e-10
15.66  5.86387502702792e-10
15.67  1.72553552191324e-09
15.68  0
15.69  1.07743961189402e-09
15.7  1.14345165648278e-09
15.71  0
15.72  3.2493569463525e-09
15.73  0
15.74  0
15.75  2.7132365514916e-11
15.76  6.89750024263153e-11
15.77  1.99938280092534e-09
15.78  2.14759435437737e-10
15.79  0
15.8  1.63946124022061e-10
15.81  2.17363817749962e-11
15.82  1.2039706220869e-10
15.83  7.95867484639245e-10
15.84  2.3070240441068e-10
15.85  0
15.86  0
15.87  0
15.88  1.95110736726386e-09
15.89  1.01051331957452e-09
15.9  2.4315733125485e-11
15.91  8.0408376446036e-10
15.92  0
15.93  1.02851030467817e-09
15.94  3.33804673965392e-10
15.95  1.02389659340149e-12
15.96  1.10956247327604e-09
15.97  0
15.98  2.99837604718826e-10
15.99  1.63139768676322e-09
16  0
16.01  8.91759796153298e-10
16.02  9.65112569971052e-10
16.03  1.18787530875375e-10
16.04  1.14951598674841e-09
16.05  1.99692874299945e-09
16.06  2.51768453237376e-10
16.07  0
16.08  1.72050648035649e-10
16.09  0
16.1  7.16442610722992e-10
16.11  0
16.12  3.47329537957083e-10
16.13  1.34132408361585e-09
16.14  4.50468758700847e-10
16.15  0
16.16  1.93387578917372e-10
16.17  3.62318293830378e-10
16.18  0
16.19  0
16.2  9.78128821900664e-12
16.21  7.77004237807796e-10
16.22  1.31913901343284e-09
16.23  0
16.24  1.0711892381256e-11
16.25  1.554166011502e-11
16.26  2.17310861275567e-11
16.27  3.37551909935727e-10
16.28  2.46588033464026e-09
16.29  1.36679871533947e-09
16.3  1.67792491041517e-09
16.31  0
16.32  6.2059720238753e-11
16.33  0
16.34  2.16747263261743e-11
16.35  1.83523913983611e-10
16.36  0
16.37  2.12155520794425e-10
16.38  5.71897313619661e-10
16.39  2.68466834909063e-10
16.4  0
16.41  9.31844775134226e-10
16.42  1.60342567754954e-09
16.43  8.29083899911918e-10
16.44  0
16.45  1.00482885129605e-10
16.46  3.23094620422188e-10
16.47  2.15270818688785e-10
16.48  2.38805354020489e-11
16.49  0
16.5  0
16.51  2.21013892377476e-12
16.52  8.30367255368658e-10
16.53  4.26393852942446e-10
16.54  7.21629181335286e-10
16.55  1.22455912480284e-10
16.56  7.22133508770933e-12
16.57  5.63838958530766e-10
16.58  0
16.59  6.57161869905734e-10
16.6  3.97569174719854e-10
16.61  1.34385515316324e-12
16.62  3.9221353151805e-11
16.63  1.00627553828257e-09
16.64  4.25328974253078e-11
16.65  4.03287909771442e-09
16.66  1.55242238959001e-09
16.67  1.27655755555901e-09
16.68  1.77910901510589e-09
16.69  7.41211312176903e-10
16.7  0
16.71  9.20052852275907e-12
16.72  7.21262551217411e-11
16.73  3.12738293394449e-10
16.74  3.01939901569673e-13
16.75  4.22385124087541e-10
16.76  5.07795981036669e-10
16.77  0
16.78  2.08853980831062e-09
16.79  2.98827429444504e-13
16.8  1.4731474591372e-09
16.81  2.25963539841211e-10
16.82  2.33305059026788e-09
16.83  1.09427603713868e-10
16.84  2.46264704194763e-10
16.85  2.83811843674281e-10
16.86  0
16.87  1.13529878590702e-11
16.88  8.77963434845399e-10
16.89  9.67794894707764e-11
16.9  2.59267086359513e-09
16.91  9.50396713675028e-11
16.92  2.35681996111666e-10
16.93  2.08724036839644e-12
16.94  1.32879749098648e-09
16.95  7.20589351607597e-10
16.96  4.6435233089781e-10
16.97  1.31514339192229e-10
16.98  0
16.99  0
17  0
17.01  1.52792860944562e-09
17.02  1.14627804176003e-10
17.03  2.73291166661281e-10
17.04  2.0024223114617e-12
17.05  2.12198431049863e-10
17.06  1.27217291134641e-09
17.07  1.61713902050227e-10
17.08  6.77176803037989e-11
17.09  2.86001240373184e-10
17.1  2.7090319544891e-11
17.11  1.57366059247225e-09
17.12  0
17.13  7.4434179402788e-10
17.14  4.50949192918144e-10
17.15  0
17.16  6.1808068923434e-10
17.17  2.02906528200632e-10
17.18  2.66373940515678e-11
17.19  3.57160987266462e-10
17.2  1.89293527119565e-09
17.21  1.77787804060976e-09
17.22  3.08777909222033e-10
17.23  1.07934662354707e-09
17.24  0
17.25  0
17.26  0
17.27  0
17.28  4.16530376108273e-11
17.29  2.0040803112991e-09
17.3  1.72799919386999e-10
17.31  0
17.32  1.68391421682965e-10
17.33  2.85105266342244e-10
17.34  1.92390766285392e-11
17.35  2.64337226464307e-10
17.36  6.659391353534e-10
17.37  2.75960670425494e-09
17.38  3.10000966656889e-09
17.39  1.70682471227905e-09
17.4  4.35338809295494e-10
17.41  3.07283998219041e-12
17.42  0
17.43  4.69437484969403e-10
17.44  1.04360976968431e-09
17.45  1.77283444309785e-10
17.46  0
17.47  3.4694414268036e-11
17.48  1.87677278411176e-10
17.49  3.49629860258369e-10
17.5  1.34047434580595e-09
17.51  8.89107602740175e-10
17.52  0
17.53  9.05408392816003e-11
17.54  9.86494931627966e-10
17.55  2.5229428114881e-10
17.56  4.03076967072661e-09
17.57  6.34162959196626e-12
17.58  0
17.59  0
17.6  1.16532490453244e-09
17.61  4.40465618941165e-12
17.62  0
17.63  2.55929171223912e-12
17.64  1.21112229847234e-10
17.65  1.64847130753616e-09
17.66  2.05597812593756e-09
17.67  8.09269867928233e-10
17.68  4.54946724964481e-11
17.69  8.32315708105237e-10
17.7  9.48412125795105e-10
17.71  2.50747935277975e-09
17.72  1.38702943858682e-10
17.73  3.03694648292116e-09
17.74  1.5267649150776e-10
17.75  1.7296678189198e-09
17.76  2.61393046110394e-10
17.77  8.51827143798823e-11
17.78  4.69516314466643e-10
17.79  5.18401997695243e-11
17.8  9.75630513881919e-11
17.81  0
17.82  0
17.83  2.1366901638829e-10
17.84  0
17.85  1.7922025665981e-10
17.86  1.3915155308511e-09
17.87  1.00636804098496e-10
17.88  1.84982800719316e-10
17.89  2.25008049701658e-09
17.9  0
17.91  1.7067983924906e-09
17.92  1.02789430211324e-09
17.93  5.8078392847207e-10
17.94  4.33075911818375e-11
17.95  0
17.96  3.515157356765e-10
17.97  0
17.98  0
17.99  7.66205126545513e-10
18  4.37000150689297e-10
18.01  1.30897665531653e-09
18.02  7.85254268561465e-10
18.03  0
18.04  1.26799714694342e-09
18.05  1.14621954888837e-10
18.06  8.9154596849401e-10
18.07  1.13437923190223e-09
18.08  2.09862853064678e-10
18.09  8.82996787885052e-11
18.1  0
18.11  1.25834323937037e-09
18.12  0
18.13  1.93230233407316e-09
18.14  1.1026664277678e-09
18.15  9.95719662778509e-11
18.16  0
18.17  2.18609811152045e-10
18.18  5.76116609360876e-11
18.19  1.18881966783476e-09
18.2  0
18.21  1.52493851499566e-09
18.22  3.95142401864063e-10
18.23  5.32721324007353e-11
18.24  9.16985010539795e-10
18.25  0
18.26  5.04761459904444e-10
18.27  5.43354599245228e-10
18.28  2.16571448680951e-10
18.29  1.85823939756125e-09
18.3  0
18.31  0
18.32  1.0444394054488e-09
18.33  2.42620278874473e-09
18.34  1.98288439195301e-10
18.35  8.7960605061652e-10
18.36  0
18.37  2.97481817099488e-09
18.38  2.09735250604118e-09
18.39  1.72283479946819e-10
18.4  5.02647251591471e-12
18.41  1.44693002946942e-09
18.42  9.36936421002829e-10
18.43  8.56176493613075e-12
18.44  7.78261970376177e-10
18.45  1.116274637095e-09
18.46  1.25742315418775e-09
18.47  6.71246425407834e-10
18.48  7.73289677104241e-11
18.49  0
18.5  1.25911510778912e-09
18.51  5.89222731865561e-10
18.52  4.64261007391008e-11
18.53  1.35391538427726e-09
18.54  3.07596407779401e-11
18.55  3.91997513683083e-11
18.56  0
18.57  0
18.58  1.05148595657659e-09
18.59  4.76713624623725e-10
18.6  0
18.61  5.50623695994714e-10
18.62  4.42100444546187e-11
18.63  4.25852301781418e-10
18.64  4.09078674011907e-10
18.65  5.3258258610405e-10
18.66  8.40443575394325e-10
18.67  4.71639399593137e-10
18.68  1.7695890563313e-10
18.69  3.40934181257396e-10
18.7  3.83044031161199e-10
18.71  4.02097512411846e-10
18.72  0
18.73  2.23839951852453e-10
18.74  0
18.75  2.74147779579837e-10
18.76  2.06816310964413e-09
18.77  8.68470960207782e-11
18.78  1.04708615499451e-09
18.79  1.2284971172503e-09
18.8  0
18.81  1.90435461988371e-09
18.82  8.05941925068848e-10
18.83  4.54982314253289e-11
18.84  1.72998416668142e-10
18.85  2.19496581502865e-09
18.86  1.20738965448282e-09
18.87  3.08540482426535e-09
18.88  9.5889385864608e-10
18.89  0
18.9  0
18.91  1.26594598578951e-11
18.92  4.22016889068669e-10
18.93  4.68962043697732e-11
18.94  8.86401962548577e-10
18.95  3.0677205496462e-10
18.96  6.04684050204718e-10
18.97  2.03106202349871e-10
18.98  2.27437210401596e-09
18.99  0
19  4.92881084688947e-10
19.01  0
19.02  2.34305318420247e-09
19.03  1.87421650310378e-10
19.04  0
19.05  0
19.06  4.91470316338621e-13
19.07  7.23695099292607e-10
19.08  1.72956945118005e-09
19.09  0
19.1  4.92553472628973e-11
19.11  1.40812322165558e-09
19.12  4.54997673959785e-10
19.13  1.11887063228442e-09
19.14  0
19.15  1.59125251131838e-09
19.16  2.75819819920351e-13
19.17  9.69644118951895e-10
19.18  1.40431839452481e-09
19.19  4.49101395141104e-11
19.2  9.10408126284669e-10
19.21  6.28018385970958e-10
19.22  8.79744138432498e-10
19.23  2.99569279824674e-11
19.24  2.10489544761489e-09
19.25  1.10020275183622e-10
19.26  4.27091581468485e-10
19.27  7.27824407971717e-10
19.28  9.99339895225957e-10
19.29  0
19.3  1.18162302623923e-09
19.31  0
19.32  4.47640030109492e-10
19.33  1.18668996157011e-09
19.34  0
19.35  4.4227045747351e-10
19.36  7.89486984754051e-10
19.37  1.19527281324494e-10
19.38  2.9356864436108e-10
19.39  2.51137571276792e-09
19.4  0
19.41  1.93198608381773e-10
19.42  0
19.43  5.3588920511341e-10
19.44  1.71771128426056e-11
19.45  0
19.46  1.20887594361144e-09
19.47  1.44977972822037e-09
19.48  2.81434847172962e-10
19.49  1.05021003880022e-09
19.5  8.14659288806981e-13
19.51  2.50940036421425e-12
19.52  1.39214369978899e-09
19.53  3.91142827844502e-11
19.54  9.11110398415469e-10
19.55  5.94068303378326e-10
19.56  1.32888112369197e-09
19.57  2.35445001305447e-10
19.58  5.44643913077262e-10
19.59  3.60367553876208e-10
19.6  0
19.61  0
19.62  1.32720065199647e-10
19.63  4.96162255651688e-10
19.64  9.19778414811787e-10
19.65  1.55579992037822e-09
19.66  3.82747605914396e-10
19.67  8.55797065326246e-11
19.68  0
19.69  0
19.7  0
19.71  2.51501237320122e-09
19.72  5.08604951875335e-10
19.73  1.6098058445925e-10
19.74  2.66481056161969e-09
19.75  0
19.76  7.34782585284919e-10
19.77  3.93495540282413e-10
19.78  5.90943271315298e-10
19.79  8.50503698961207e-10
19.8  0
19.81  3.26903936681946e-09
19.82  0
19.83  8.02417146316072e-10
19.84  0
19.85  0
19.86  3.68428116168293e-10
19.87  1.48502503119391e-10
19.88  5.70836751943369e-11
19.89  8.23183895423831e-10
19.9  0
19.91  1.13873430583685e-09
19.92  9.63847514529209e-10
19.93  2.13799544809362e-10
19.94  5.46673438012378e-10
19.95  3.49987765491003e-11
19.96  1.43867832559845e-09
19.97  4.99406271278074e-10
19.98  1.26896616693495e-11
19.99  4.66803642672117e-10
20  5.7389709617838e-10
20.01  1.9163922972741e-10
20.02  2.3118231061292e-09
20.03  5.76101397993759e-10
20.04  0
20.05  1.31051017164349e-10
20.06  4.30271140647104e-10
20.07  8.63807027797399e-10
20.08  3.78054676426109e-10
20.09  5.6561297648541e-10
20.1  1.86668663113603e-09
20.11  5.62852229575505e-10
20.12  3.66837686192826e-09
20.13  2.80774863016397e-10
20.14  1.05389903926099e-09
20.15  3.37216426062741e-09
20.16  1.07770469921343e-11
20.17  2.75747905780919e-09
20.18  9.37317484519438e-10
20.19  5.81789418003612e-10
20.2  1.38422901647167e-09
20.21  0
20.22  7.72778091372322e-11
20.23  8.3234657986167e-10
20.24  1.53614798027641e-09
20.25  8.44132395240183e-10
20.26  5.97813069661226e-11
20.27  3.5554492919523e-10
20.28  7.54725849445995e-10
20.29  1.94419588808317e-10
20.3  8.33485172042584e-10
20.31  0
20.32  0
20.33  1.52610962643917e-12
20.34  5.23818926336688e-10
20.35  5.93008918826076e-10
20.36  0
20.37  0
20.38  0
20.39  1.67231507270825e-10
20.4  5.30323484566155e-10
20.41  3.44037988705172e-09
20.42  1.52788599761989e-09
20.43  1.62432968486013e-11
20.44  7.17948063345196e-14
20.45  0
20.46  1.88526309673904e-10
20.47  4.14908161339471e-11
20.48  1.68270659332445e-09
20.49  1.30192088113694e-09
20.5  6.55707592900679e-10
20.51  7.70866040310008e-10
20.52  4.92104523948435e-10
20.53  0
20.54  1.04930293547654e-09
20.55  0
20.56  1.79246824441493e-10
20.57  3.01403040160317e-10
20.58  5.27681354753764e-10
20.59  0
20.6  3.23180918193927e-10
20.61  2.58095139270849e-10
20.62  8.67278332179752e-11
20.63  9.51723942777919e-10
20.64  4.48532307678021e-13
20.65  3.53124033717942e-10
20.66  1.36364774833259e-09
20.67  5.42081477979406e-10
20.68  2.65357282733194e-10
20.69  2.22639209349254e-09
20.7  0
20.71  6.95259791791995e-10
20.72  2.42745532902938e-11
20.73  0
20.74  4.15807407321203e-10
20.75  1.67700355435543e-09
20.76  5.76768740160268e-10
20.77  4.69601159656904e-14
20.78  2.12904511899086e-10
20.79  8.19357629805767e-10
20.8  5.37681486720306e-11
20.81  1.62520073573085e-09
20.82  0
20.83  1.17813544494297e-09
20.84  1.65924939412889e-09
20.85  0
20.86  8.66010204728207e-10
20.87  2.97775584597862e-09
20.88  1.24729890755236e-10
20.89  1.97674432172024e-09
20.9  6.36037820845147e-10
20.91  2.29619497176056e-10
20.92  1.68322918003899e-09
20.93  1.65112439741009e-09
20.94  1.49352766173059e-09
20.95  0
20.96  9.3016425552181e-10
20.97  0
20.98  1.04632420693006e-09
20.99  2.27083757093828e-09
21  1.03997278585959e-10
21.01  1.17663283809839e-09
21.02  4.46164457333497e-10
21.03  1.2114758452058e-10
21.04  3.66539469893851e-10
21.05  2.40981718340822e-09
21.06  0
21.07  4.15599311213065e-11
21.08  8.22536523491765e-10
21.09  0
21.1  8.17496924611997e-10
21.11  6.81018355248357e-10
21.12  1.62049949148178e-13
21.13  2.33399720997634e-10
21.14  0
21.15  1.90732661419492e-09
21.16  2.97846581548725e-10
21.17  4.32294123378336e-10
21.18  1.07807810074127e-09
21.19  0
21.2  3.63515926885122e-11
21.21  8.06724484417513e-10
21.22  4.87490931624063e-10
21.23  2.22225905519785e-10
21.24  8.69907842157116e-10
21.25  0
21.26  5.82455441255089e-10
21.27  1.07163499372173e-10
21.28  3.83344768310686e-10
21.29  6.02158956998983e-11
21.3  0
21.31  1.75252388603301e-09
21.32  1.86106448143381e-09
21.33  9.38101992129379e-10
21.34  2.02696750429666e-09
21.35  1.46789766739763e-10
21.36  2.34442767773221e-09
21.37  9.07698297447663e-10
21.38  2.59080829344656e-11
21.39  1.61721452234411e-09
21.4  1.07952968546904e-09
21.41  5.50664600216868e-10
21.42  5.89634401545898e-10
21.43  4.14215451988384e-13
21.44  7.22079209570892e-10
21.45  5.3372943157953e-09
21.46  1.11680821878914e-10
21.47  2.28130491999831e-09
21.48  4.52308405296071e-10
21.49  0
21.5  0
21.51  0
21.52  1.74247631706242e-10
21.53  5.75206173792407e-11
21.54  8.71868040345345e-12
21.55  0
21.56  2.12889400487209e-10
21.57  6.59493370320422e-10
21.58  2.863129708244e-09
21.59  0
21.6  1.7272366906709e-09
21.61  1.26953203711222e-09
21.62  0
21.63  8.39672026873806e-10
21.64  4.7208460866125e-10
21.65  0
21.66  1.15482910262926e-09
21.67  4.55769356885614e-10
21.68  4.35336602910472e-11
21.69  1.08849327432059e-09
21.7  0
21.71  1.42191094855201e-10
21.72  2.08557616309659e-10
21.73  2.34894032665141e-10
21.74  2.01219387676726e-09
21.75  6.78463657059715e-10
21.76  2.33366877467021e-09
21.77  3.20332271804668e-10
21.78  0
21.79  0
21.8  1.23253044730315e-10
21.81  0
21.82  0
21.83  9.32890244304375e-10
21.84  5.38420866140644e-12
21.85  1.21156627570716e-09
21.86  2.62609892901612e-10
21.87  2.71345354690503e-09
21.88  2.27238040047138e-10
21.89  2.15244412396438e-12
21.9  1.98156812813354e-10
21.91  0
21.92  1.84385155359323e-09
21.93  7.1615063322767e-10
21.94  1.0786392345458e-09
21.95  1.59799999001365e-09
21.96  1.38899350767702e-10
21.97  8.2229392573923e-10
21.98  7.44707296476466e-10
21.99  1.51387989007191e-09
22  1.59855047646581e-09
22.01  5.83769986112141e-10
22.02  1.62974283146508e-09
22.03  1.30641866993025e-10
22.04  1.91009089153874e-09
22.05  4.50520980978938e-10
22.06  1.35050438427813e-09
22.07  1.30211671766314e-09
22.08  0
22.09  0
22.1  0
22.11  1.06256357637425e-10
22.12  7.39720965777484e-10
22.13  2.85707818968462e-09
22.14  0
22.15  1.16073987768668e-10
22.16  1.97649048551534e-09
22.17  0
22.18  3.38865611088799e-10
22.19  1.68209236168528e-09
22.2  0
22.21  2.60499520979104e-10
22.22  3.39455085719033e-10
22.23  1.16616242567678e-09
22.24  8.07948330105553e-10
22.25  1.51121948682145e-09
22.26  1.31375331290492e-09
22.27  8.99693080826127e-11
22.28  1.70194082402034e-09
22.29  0
22.3  0
22.31  3.36764975702983e-10
22.32  8.51264343285105e-10
22.33  2.5402317446053e-09
22.34  1.67860725979249e-09
22.35  7.02354970072457e-10
22.36  1.31466665311337e-09
22.37  2.57027127455231e-10
22.38  1.11292359499486e-10
22.39  1.29389045064264e-09
22.4  1.12031611534143e-09
22.41  6.95550345277062e-10
22.42  2.00114282165113e-09
22.43  9.3106034808983e-10
22.44  2.05479113479621e-13
22.45  0
22.46  1.09527385552178e-12
22.47  0
22.48  1.42945317538277e-09
22.49  0
22.5  4.18429262812896e-10
22.51  1.89127680435539e-09
22.52  1.06092936317986e-09
22.53  9.32815538791414e-10
22.54  3.99998129385829e-10
22.55  6.30297383661685e-10
22.56  9.52189530792157e-12
22.57  7.01270175877633e-10
22.58  7.16703459465897e-11
22.59  8.94080277574756e-12
22.6  0
22.61  1.03910871023587e-09
22.62  7.39159730813793e-12
22.63  4.1814558295331e-10
22.64  3.06795269368135e-10
22.65  1.19810909114035e-09
22.66  7.98849724441027e-10
22.67  1.57810366208564e-09
22.68  7.76977688874428e-10
22.69  1.03683503954095e-10
22.7  1.30682475072694e-09
22.71  1.88166455097086e-09
22.72  1.98946697902214e-09
22.73  1.36884632077879e-10
22.74  1.48477052202944e-09
22.75  0
22.76  1.30688294363922e-09
22.77  1.79353540410667e-09
22.78  9.13594389775289e-10
22.79  4.37809309728462e-10
22.8  3.10276553190074e-11
22.81  1.03535056497098e-09
22.82  1.10804106254186e-09
22.83  5.99777660374326e-10
22.84  1.56267567884192e-11
22.85  6.16225624702877e-10
22.86  3.79783140468151e-10
22.87  1.46395416718396e-09
22.88  1.81351195389112e-09
22.89  1.95153942987472e-09
22.9  2.10094678815188e-09
22.91  6.15110031139129e-10
22.92  1.11648851965702e-10
22.93  2.62767938287579e-09
22.94  5.28788436856697e-10
22.95  3.66083316397745e-10
22.96  0
22.97  1.05627549649587e-09
22.98  9.16650489337392e-10
22.99  2.30012378286973e-09
23  5.09412420414018e-11
23.01  0
23.02  1.08100120332533e-09
23.03  6.81856802487642e-10
23.04  8.89601897851771e-10
23.05  2.36951276425986e-09
23.06  7.26918483013096e-10
23.07  0
23.08  1.41522119197257e-09
23.09  0
23.1  0
23.11  1.42808198341808e-09
23.12  5.29585112464709e-11
23.13  1.66594952636366e-09
23.14  4.60068982309007e-12
23.15  0
23.16  3.92298075014477e-10
23.17  2.75641934401529e-10
23.18  3.64664307867012e-10
23.19  3.3124118448922e-09
23.2  4.94293420010087e-11
23.21  3.99999957597645e-09
23.22  2.87206844100466e-09
23.23  2.30103215787178e-10
23.24  1.09438585798589e-11
23.25  6.93810341827428e-11
23.26  1.07147600825171e-10
23.27  0
23.28  0
23.29  9.82191366447536e-11
23.3  1.66372326599188e-09
23.31  1.0446630274332e-09
23.32  3.83062126018611e-09
23.33  0
23.34  1.08475786198676e-09
23.35  6.40572721642957e-10
23.36  1.67094676870529e-10
23.37  5.27255524067979e-10
23.38  1.28256091863475e-09
23.39  1.12664938511176e-09
23.4  1.17267441040444e-09
23.41  2.31215018348793e-09
23.42  6.6971127176845e-11
23.43  2.4505545072711e-09
23.44  0
23.45  2.58213650611872e-09
23.46  3.09537534143884e-09
23.47  3.91058072489174e-10
23.48  0
23.49  2.51974111401628e-10
23.5  0
23.51  0
23.52  0
23.53  7.80243985156945e-12
23.54  1.02248140598926e-09
23.55  3.13830548598157e-10
23.56  3.36996984726661e-09
23.57  6.12259494219794e-10
23.58  1.35277473778557e-09
23.59  0
23.6  8.15034490329588e-10
23.61  3.49296095504802e-09
23.62  1.27712633204612e-09
23.63  6.81167851519801e-10
23.64  3.42886197426293e-10
23.65  1.37558045186181e-09
23.66  6.41259733561346e-11
23.67  1.80602353634679e-09
23.68  1.13983904463101e-09
23.69  1.41714111936977e-10
23.7  3.87613691262908e-10
23.71  3.5423859769459e-10
23.72  6.84726300428146e-10
23.73  1.9858542610243e-09
23.74  5.43338036737281e-10
23.75  7.96436013333492e-10
23.76  2.04364679023486e-09
23.77  2.24723538732859e-09
23.78  0
23.79  2.35671035618188e-09
23.8  1.29981527073264e-09
23.81  0
23.82  1.40789588774178e-11
23.83  8.44480151030113e-10
23.84  8.48493595467682e-11
23.85  4.68991935876942e-11
23.86  7.35475907771045e-11
23.87  3.38690828554811e-09
23.88  1.7413484753594e-10
23.89  7.69006977470912e-11
23.9  1.31892509027779e-09
23.91  1.10486213119029e-09
23.92  0
23.93  0
23.94  1.21590426325561e-10
23.95  0
23.96  1.65968234358944e-11
23.97  7.75469452341021e-11
23.98  0
23.99  2.55204602709285e-10
24  0
24.01  4.0578958155677e-10
24.02  0
24.03  1.94302994927434e-10
24.04  8.81713728712881e-10
24.05  7.83458414136857e-10
24.06  8.3774388229369e-10
24.07  2.24864561606326e-11
24.08  3.01171223728266e-10
24.09  9.13765937577404e-10
24.1  6.37756434126825e-10
24.11  2.24921774914343e-09
24.12  5.37400719753518e-10
24.13  8.76306948354277e-10
24.14  1.62268566380624e-09
24.15  1.81115326605175e-09
24.16  1.81223243617716e-09
24.17  1.52045969732796e-10
24.18  1.02909412845452e-11
24.19  1.79797509685065e-11
24.2  1.49580475266956e-10
24.21  2.63387784528897e-10
24.22  6.7982410945169e-10
24.23  1.38758870785793e-09
24.24  7.98934993084539e-10
24.25  9.79872868168257e-10
24.26  8.36600708719646e-10
24.27  1.77468365198866e-09
24.28  8.52901171633207e-10
24.29  9.52585365241137e-10
24.3  0
24.31  8.14087848222029e-10
24.32  1.93782848780413e-09
24.33  1.32855122510713e-09
24.34  1.06316640200134e-11
24.35  6.90403952795245e-10
24.36  1.06581451261009e-09
24.37  2.84056570168971e-09
24.38  1.88026134867498e-09
24.39  1.31547941540945e-09
24.4  1.77119621456017e-09
24.41  5.26632127084608e-10
24.42  4.63704975755804e-10
24.43  4.16183702976163e-10
24.44  1.37179923000263e-09
24.45  4.89723713736449e-11
24.46  2.756041440218e-10
24.47  8.19997487863423e-10
24.48  8.90550420180788e-10
24.49  1.13686168507462e-11
24.5  3.48347709343306e-10
24.51  7.2394179764725e-10
24.52  7.34662519678687e-10
24.53  1.5821438872858e-09
24.54  2.1849929574914e-09
24.55  1.40852526226706e-09
24.56  2.22751697914697e-09
24.57  1.61151164488686e-09
24.58  1.10700884111127e-09
24.59  2.76268038605335e-09
24.6  1.96059707565285e-09
24.61  4.72100891026082e-10
24.62  1.26492547885969e-09
24.63  4.03047729832172e-11
24.64  9.53286052251336e-10
24.65  1.82509506500848e-09
24.66  3.59510756705405e-10
24.67  3.19165733452256e-11
24.68  0
24.69  0
24.7  1.98031804044832e-10
24.71  1.49339381515126e-10
24.72  1.94582550026106e-09
24.73  3.44709985658774e-11
24.74  4.08072738868847e-10
24.75  1.65956325731276e-09
24.76  5.87972744860137e-10
24.77  1.43779465282119e-09
24.78  1.80988454432425e-09
24.79  4.91717264558853e-10
24.8  1.40585983408019e-09
24.81  6.02547756721078e-10
24.82  1.65143896029697e-10
24.83  2.49891137899808e-10
24.84  2.40775579628001e-10
24.85  8.92373701355445e-10
24.86  9.82663742345964e-10
24.87  1.07048824791415e-09
24.88  9.22962373975936e-10
24.89  1.07707659022604e-09
24.9  2.56452507104848e-10
24.91  2.0780754857488e-10
24.92  1.28403966307092e-09
24.93  2.98874465975709e-10
24.94  4.59822426614213e-11
24.95  7.48915202997986e-10
24.96  9.63626414273494e-10
24.97  2.23579222792752e-09
24.98  8.56090679483745e-10
24.99  1.83453948529905e-10
25  6.04061143414189e-10
25.01  1.25526376642331e-09
25.02  2.95378846263647e-10
25.03  2.28318871073194e-09
25.04  5.94116126963485e-12
25.05  2.38863890813533e-09
25.06  7.80291806997519e-10
25.07  1.05851317913771e-10
25.08  2.09647575691992e-09
25.09  5.86121037263646e-11
25.1  6.44291787009925e-10
25.11  1.9408770045804e-09
25.12  6.48107974946908e-10
25.13  2.77275478738546e-09
25.14  1.4033046182491e-09
25.15  3.42335246736093e-11
25.16  1.54615046295115e-09
25.17  8.16193196468641e-11
25.18  1.29296276764301e-09
25.19  1.5758741847799e-10
25.2  8.40716907247836e-10
25.21  1.16231969059513e-09
25.22  1.63693836592457e-09
25.23  1.0486311838896e-09
25.24  4.5167508581053e-10
25.25  6.10975867992937e-10
25.26  1.91078995730059e-10
25.27  1.14901747951916e-10
25.28  5.79914333661732e-10
25.29  6.76650469418461e-10
25.3  2.4373200027198e-12
25.31  8.90958006743567e-10
25.32  7.13164568683137e-10
25.33  6.67346874615467e-10
25.34  8.26817889541592e-11
25.35  5.11543388019608e-10
25.36  5.69043571129583e-10
25.37  4.0064581293336e-10
25.38  1.00713903911164e-09
25.39  2.83632591172361e-10
25.4  4.50734469697125e-10
25.41  1.03977343990411e-09
25.42  9.6876538383042e-10
25.43  3.81910402769179e-10
25.44  2.8489807955951e-09
25.45  6.15684904612149e-10
25.46  3.62166364483904e-11
25.47  4.96907716333398e-10
25.48  6.12424907839885e-10
25.49  4.76635346704586e-10
25.5  0
25.51  6.76176544870715e-10
25.52  9.0402267708232e-10
25.53  1.43934940831013e-09
25.54  1.28898515766495e-09
25.55  1.16876048536872e-09
25.56  1.7031572698227e-09
25.57  9.94499467892268e-10
25.58  1.61497859984562e-09
25.59  1.36771044316411e-09
25.6  2.56272505411654e-09
25.61  1.9417328778442e-09
25.62  8.09067932362827e-10
25.63  1.97252030852188e-09
25.64  2.77771146758321e-09
25.65  4.10665371452391e-09
25.66  1.42837021059498e-09
25.67  2.76451218779421e-09
25.68  4.45519653567737e-09
25.69  1.04323660340615e-09
25.7  5.84381252884783e-09
25.71  2.96877201540186e-10
25.72  6.79764324516151e-10
25.73  8.07922619340885e-10
25.74  0
25.75  2.07593232649845e-10
25.76  0
25.77  8.33248677673984e-10
25.78  5.90336610380127e-11
25.79  9.7994416006956e-11
25.8  0
25.81  1.97928029621025e-10
25.82  4.4456036819871e-12
25.83  0
25.84  4.42609664483859e-10
25.85  9.04193856225577e-12
25.86  1.88008827040649e-09
25.87  9.44966397995191e-10
25.88  3.64187181897501e-10
25.89  2.37149608748487e-10
25.9  1.08500613574096e-09
25.91  3.55981582642376e-10
25.92  3.31134886501935e-09
25.93  0
25.94  8.76602786032014e-10
25.95  0
25.96  1.81993190936073e-09
25.97  9.35649107557947e-10
25.98  8.14645724189188e-10
25.99  2.31920891234545e-09
26  2.28547254417862e-10
26.01  1.13327360684733e-09
26.02  4.24444918724334e-10
26.03  0
26.04  4.3871022575534e-10
26.05  0
26.06  8.11665760932322e-10
26.07  4.4024013615116e-10
26.08  1.37984161173744e-11
26.09  2.02708910179887e-10
26.1  7.63830517777027e-10
26.11  1.5334746461148e-09
26.12  2.18152930997148e-09
26.13  7.31389530032975e-10
26.14  1.04972445666553e-09
26.15  2.83524457146488e-10
26.16  5.26104427524658e-11
26.17  1.81196669740931e-10
26.18  0
26.19  2.8196795639849e-11
26.2  1.49510678022776e-10
26.21  8.5798246577232e-10
26.22  8.62906411934727e-10
26.23  1.71295954079223e-10
26.24  0
26.25  1.35639428000871e-09
26.26  4.25497653101516e-10
26.27  0
26.28  9.09033615750107e-10
26.29  0
26.3  2.47149376797915e-10
26.31  1.31896116105528e-09
26.32  6.9569931397589e-11
26.33  1.7409737250016e-09
26.34  2.67240863310139e-10
26.35  0
26.36  5.65278463864591e-10
26.37  1.45008279304671e-09
26.38  1.43579821180806e-09
26.39  1.71014627000361e-09
26.4  2.25429559104809e-09
26.41  1.7750735990089e-09
26.42  8.28700489323319e-10
26.43  4.18964792218002e-09
26.44  5.45722338850034e-10
26.45  3.6829220782124e-09
26.46  4.21639966436369e-11
26.47  3.77229938390854e-10
26.48  2.81486920627575e-11
26.49  2.51641935214889e-13
26.5  2.07974656550549e-10
26.51  0
26.52  1.07871195609404e-09
26.53  0
26.54  2.68712933968047e-10
26.55  4.95192814535816e-10
26.56  4.20308354587822e-10
26.57  9.37111589803993e-10
26.58  9.6214361911851e-11
26.59  0
26.6  0
26.61  1.44432762374386e-09
26.62  4.13098119207506e-09
26.63  7.02993851492923e-10
26.64  7.89885994382408e-10
26.65  3.57921150382954e-10
26.66  1.23438299766871e-09
26.67  1.8272492082609e-09
26.68  3.19932019769546e-09
26.69  8.75306449901588e-10
26.7  8.94955546051395e-10
26.71  7.16640205084248e-10
26.72  2.41484972785144e-10
26.73  1.39478967816302e-09
26.74  1.62898463129498e-09
26.75  2.80080042306715e-11
26.76  1.62294573781497e-09
26.77  1.12285556582316e-09
26.78  8.72156122003428e-10
26.79  1.44093909513939e-09
26.8  3.16977944411444e-10
26.81  1.62745912801653e-09
26.82  9.14378850022194e-10
26.83  9.0506969069615e-10
26.84  1.53445178979382e-09
26.85  1.34375103969695e-10
26.86  2.76729664349409e-09
26.87  4.5279356893782e-10
26.88  7.49800656305102e-10
26.89  6.74276448153743e-11
26.9  1.24659617273275e-09
26.91  2.4864151815256e-10
26.92  6.52725163373188e-10
26.93  6.66031961850277e-11
26.94  7.19712658374978e-10
26.95  4.84151258104087e-10
26.96  1.11669889048322e-09
26.97  6.42294966040951e-10
26.98  1.04531111966654e-09
26.99  2.42702519882874e-09
27  3.30453310259687e-10
27.01  1.7134887387557e-09
27.02  1.43665750471156e-09
27.03  3.27896382139725e-10
27.04  5.61807017421052e-10
27.05  0
27.06  7.58299263581064e-10
27.07  8.54960124482895e-10
27.08  2.19195014613667e-10
27.09  2.71749483070778e-10
27.1  1.69612639853438e-09
27.11  1.15269435203832e-12
27.12  5.35654686625635e-10
27.13  0
27.14  2.14251626478034e-09
27.15  1.14261820168108e-09
27.16  1.47395928574339e-10
27.17  4.82319137900211e-11
27.18  0
27.19  1.0211828237708e-09
27.2  1.01471026140812e-09
27.21  3.03389001390211e-10
27.22  2.11936111899191e-10
27.23  0
27.24  1.13176848298929e-09
27.25  1.06538836280003e-09
27.26  4.48190087584378e-10
27.27  2.94067501702961e-10
27.28  8.37953804961809e-10
27.29  1.11870663313511e-09
27.3  6.11540959766627e-10
27.31  0
27.32  1.53711298215807e-09
27.33  6.26331602474972e-10
27.34  2.95002611157534e-10
27.35  2.95483694772046e-09
27.36  1.03748162908307e-09
27.37  1.43099903751861e-09
27.38  7.9251309975583e-10
27.39  5.79463370218185e-12
27.4  1.234046866657e-09
27.41  3.77111575484295e-13
27.42  2.56756974492249e-09
27.43  1.54991646140172e-09
27.44  6.00491103985548e-10
27.45  1.67102685358488e-09
27.46  1.05200326485278e-09
27.47  2.65468705083266e-09
27.48  3.54926172687546e-10
27.49  1.63106085288313e-09
27.5  1.11869599887223e-10
27.51  7.6598342668931e-10
27.52  6.76999583290942e-11
27.53  2.21798498019614e-09
27.54  1.09782860146952e-12
27.55  0
27.56  4.89898241005738e-10
27.57  4.2869491072661e-10
27.58  1.93458840649763e-09
27.59  1.7378046420073e-09
27.6  2.09803396782619e-09
27.61  1.22189541737975e-09
27.62  3.63445488913893e-09
27.63  4.68114581616017e-10
27.64  1.95059749606771e-09
27.65  7.37340037772366e-10
27.66  1.40715061483108e-09
27.67  0
27.68  1.44858325418127e-09
27.69  0
27.7  5.5576214217885e-13
27.71  2.53802129475435e-10
27.72  8.72323686542869e-11
27.73  6.69365775360431e-11
27.74  4.30325793012656e-11
27.75  5.90948740531278e-10
27.76  2.09287999301921e-10
27.77  5.27364498567822e-10
27.78  2.46665046121389e-09
27.79  8.25914474277397e-10
27.8  1.9029934896734e-09
27.81  2.37938986079376e-10
27.82  7.52395786564593e-10
27.83  6.13499384304792e-10
27.84  1.00216885002664e-09
27.85  1.54627589094063e-09
27.86  2.51389242797127e-10
27.87  6.76644689635282e-10
27.88  1.95856572420889e-09
27.89  3.33773867721814e-10
27.9  1.80543648684322e-10
27.91  1.50009797641214e-09
27.92  1.203496643856e-10
27.93  4.14263058597357e-09
27.94  1.04977738318849e-09
27.95  2.61176565305083e-09
27.96  2.44466193321849e-10
27.97  2.94968724924556e-09
27.98  1.32043136366883e-09
27.99  2.51997052538853e-09
28  2.00254566538508e-09
28.01  1.07647552029587e-09
28.02  1.32324256060309e-09
28.03  4.15739142562888e-10
28.04  1.01199021067166e-09
28.05  1.05970007054108e-09
28.06  2.73905844363178e-09
28.07  2.42738723539722e-09
28.08  1.24648668747502e-09
28.09  2.59920300387701e-09
28.1  7.66669910431111e-10
28.11  6.15145881507831e-13
28.12  8.63364100262509e-10
28.13  1.40564046305839e-12
28.14  1.1348636984726e-09
28.15  2.81138889549481e-10
28.16  7.73923897343339e-10
28.17  4.20294957885906e-11
28.18  4.16543777113047e-10
28.19  2.18180974915291e-09
28.2  1.25087565537638e-09
28.21  3.44303497242184e-09
28.22  1.0639461023217e-09
28.23  2.96967512609324e-11
28.24  3.97390917797761e-10
28.25  2.96863442453747e-10
28.26  3.09643487173747e-09
28.27  6.28640205498061e-10
28.28  1.01644629011027e-09
28.29  1.31393420608079e-09
28.3  1.55009451119821e-09
28.31  7.95801234828451e-10
28.32  9.30510343383133e-10
28.33  7.77101227215191e-10
28.34  3.7266716429027e-10
28.35  2.29735149387432e-11
28.36  0
28.37  6.85623359968683e-14
28.38  4.41949796600841e-10
28.39  8.70561423197054e-11
28.4  0
28.41  2.72231372863851e-10
28.42  6.25094932441171e-10
28.43  1.37013112093833e-09
28.44  2.66407127023175e-10
28.45  3.20431533608062e-10
28.46  2.52194492126293e-09
28.47  7.32796424864099e-10
28.48  1.11587163026421e-10
28.49  1.45747029502997e-09
28.5  0
28.51  3.62855731544034e-10
28.52  2.77878380545838e-09
28.53  3.55753327166623e-09
28.54  2.58564556566531e-10
28.55  3.9891376562716e-09
28.56  1.11203764653738e-09
28.57  1.13887074654938e-09
28.58  3.64040945559718e-09
28.59  0
28.6  3.81615618550003e-11
28.61  0
28.62  1.14125505598265e-09
28.63  2.06737395600648e-10
28.64  1.74516806038021e-09
28.65  1.07376997668891e-09
28.66  2.04475712564526e-09
28.67  0
28.68  8.98226323691334e-10
28.69  0
28.7  3.84305019177075e-10
28.71  1.02842912095174e-10
28.72  1.49887876759504e-09
28.73  2.57800355653214e-09
28.74  2.8599421734204e-09
28.75  1.9947270607176e-09
28.76  1.65657610669831e-09
28.77  2.5402006740756e-09
28.78  3.44731428257094e-09
28.79  8.46313097939894e-10
28.8  2.24850113864848e-09
28.81  5.03827273486001e-10
28.82  2.78277065567367e-09
28.83  1.58672604865756e-09
28.84  2.17537398463431e-10
28.85  1.80495048553995e-10
28.86  1.76460595417335e-12
28.87  4.93287422360291e-12
28.88  2.00367651842573e-11
28.89  8.7038518634333e-11
28.9  1.30068678290505e-09
28.91  0
28.92  1.49706711401002e-09
28.93  2.39770482533779e-09
28.94  4.33037086025054e-10
28.95  5.24979303281569e-09
28.96  1.71667276159196e-10
28.97  3.55713798415538e-10
28.98  2.03867369816107e-09
28.99  1.2002744648336e-10
29  1.54439540577881e-09
29.01  1.54553876370013e-10
29.02  2.95779425411759e-10
29.03  1.55915539097085e-10
29.04  1.54074845291395e-09
29.05  1.66496889244418e-09
29.06  7.4568114994124e-10
29.07  2.03779101565414e-11
29.08  2.25039387254593e-09
29.09  8.47373523743799e-10
29.1  5.838147086238e-10
29.11  2.09117188557933e-09
29.12  2.77334527569783e-10
29.13  2.04189538633783e-09
29.14  1.1267993823265e-10
29.15  6.41645280231113e-10
29.16  2.16262181197288e-11
29.17  1.42007214601322e-10
29.18  1.13981529607817e-09
29.19  0
29.2  9.82120206030788e-10
29.21  1.26715114357452e-09
29.22  0
29.23  5.73798315505439e-11
29.24  1.46396516968722e-09
29.25  4.7330226701328e-10
29.26  2.08586066577569e-10
29.27  2.55325790833188e-10
29.28  1.37756479820799e-09
29.29  4.47461191459028e-10
29.3  1.26843806748853e-09
29.31  7.75913280842585e-10
29.32  1.48494978353788e-09
29.33  2.52356832472929e-09
29.34  2.005509430507e-10
29.35  1.53185737396697e-09
29.36  0
29.37  1.44344975148835e-09
29.38  3.85376895979976e-10
29.39  4.11465022261509e-10
29.4  1.5943062661768e-09
29.41  8.07859957147949e-10
29.42  2.08748856427612e-09
29.43  0
29.44  2.20569685269545e-09
29.45  1.0842526883089e-09
29.46  6.3518806520302e-10
29.47  1.77837677490052e-09
29.48  2.08201039205533e-10
29.49  1.16811435165373e-09
29.5  9.63839011920009e-10
29.51  1.05508244060468e-09
29.52  0
29.53  2.66972479082694e-10
29.54  6.63372986489186e-10
29.55  5.1918023425259e-10
29.56  6.68799374589416e-10
29.57  9.96777089933071e-11
29.58  9.47858907690062e-10
29.59  2.49364394170727e-10
29.6  1.21091294686436e-09
29.61  7.79870799978058e-10
29.62  2.5990566559867e-09
29.63  0
29.64  2.44961246894937e-09
29.65  8.78388016918567e-12
29.66  1.75991517858585e-09
29.67  9.6777901061212e-10
29.68  3.09458121523375e-09
29.69  1.2509135161252e-09
29.7  6.85666702349034e-10
29.71  1.9592316253544e-09
29.72  1.26842699733471e-09
29.73  8.41143723853299e-10
29.74  6.85465848448495e-10
29.75  2.4060815677505e-09
29.76  6.46661065378186e-10
29.77  3.80618196271504e-10
29.78  1.02727604707072e-09
29.79  1.15162052919389e-09
29.8  5.47092299847574e-10
29.81  1.93557985338013e-11
29.82  1.84748227660117e-10
29.83  5.93308548122742e-11
29.84  3.08640452528957e-09
29.85  2.87044526895621e-09
29.86  2.70280340817651e-09
29.87  3.08039866945053e-09
29.88  8.56957937954687e-10
29.89  1.06644459320451e-09
29.9  4.23902970545178e-11
29.91  2.64221012608395e-09
29.92  1.06103204366635e-09
29.93  0
29.94  2.68467596989976e-09
29.95  7.07818945905947e-10
29.96  1.35323283460528e-09
29.97  1.6285879918833e-09
29.98  1.81888801717278e-10
29.99  1.0722161486078e-10
30  4.03884609467301e-10
30.01  0
30.02  1.26399654505586e-09
30.03  0
30.04  1.4215206988596e-09
30.05  4.81944019523393e-10
30.06  1.59564463176512e-09
30.07  1.62451549701419e-09
30.08  1.38750186967228e-10
30.09  9.35394965121555e-10
30.1  2.9778203538115e-10
30.11  9.62009272756417e-10
30.12  4.07920686680056e-09
30.13  0
30.14  9.13622760683274e-10
30.15  3.47071322470007e-10
30.16  2.44002372564834e-09
30.17  1.74031221635231e-09
30.18  6.01276517671822e-11
30.19  1.65860352304091e-09
30.2  4.94011603266428e-10
30.21  2.56536128032244e-09
30.22  4.19686500509257e-09
30.23  1.00190764611996e-09
30.24  4.26006439033934e-09
30.25  3.84162622844196e-10
30.26  1.58381759818838e-11
30.27  9.76998097714418e-10
30.28  1.44568372195606e-09
30.29  9.55161391307187e-10
30.3  1.5926831977855e-10
30.31  4.18905526322211e-10
30.32  9.8558629873227e-10
30.33  2.53821900759251e-11
30.34  2.72593746069244e-09
30.35  4.48950700813451e-10
30.36  1.14711800665343e-09
30.37  4.851390449075e-10
30.38  1.59339771329156e-09
30.39  2.74975127799314e-09
30.4  5.94158901570952e-10
30.41  1.5506429151041e-09
30.42  2.85988266829208e-09
30.43  2.11489268031975e-10
30.44  3.03235165604639e-09
30.45  8.21112039391901e-10
30.46  7.16025393027874e-10
30.47  1.99433698969694e-09
30.48  5.50848924923532e-10
30.49  2.84677058576032e-09
30.5  0
30.51  4.01289432029344e-09
30.52  1.99529831515671e-10
30.53  2.18254167850975e-09
30.54  2.31019175380406e-09
30.55  3.22683336612484e-09
30.56  2.1030806644589e-09
30.57  2.43164927203297e-09
30.58  2.84728878470045e-12
30.59  2.07657667726767e-09
30.6  8.16761981859674e-10
30.61  4.63850599797981e-09
30.62  7.67206033967247e-10
30.63  2.36601010840498e-09
30.64  4.7002545874093e-10
30.65  0
30.66  6.13793229044165e-10
30.67  0
30.68  4.95470065784728e-13
30.69  3.12001322078647e-10
30.7  2.24356031030765e-09
30.71  2.90800819909503e-10
30.72  4.98472723663183e-09
30.73  1.05485065854622e-09
30.74  2.37438350999313e-09
30.75  8.6603500414955e-10
30.76  8.66620832928812e-10
30.77  1.36222084263429e-09
30.78  0
30.79  1.58992701001077e-10
30.8  2.89186363428832e-12
30.81  1.49828004989703e-09
30.82  1.46323726090735e-09
30.83  2.60214943822437e-09
30.84  1.86755290531102e-10
30.85  2.00381598926033e-09
30.86  1.07843669001682e-09
30.87  1.45401893460735e-09
30.88  3.40015276484553e-09
30.89  7.41804007385865e-10
30.9  2.39819245067862e-09
30.91  0
30.92  2.60993901022946e-09
30.93  4.54900756345006e-09
30.94  2.53836551674697e-09
30.95  3.01057180682167e-09
30.96  3.10227961311444e-10
30.97  5.22424114786207e-09
30.98  2.68333558738075e-09
30.99  1.46978885323019e-09
31  1.0934015493336e-09
31.01  1.34125033949065e-09
31.02  2.37359354755967e-09
31.03  2.55879103914875e-09
31.04  1.90553056849473e-09
31.05  2.34285264691561e-09
31.06  5.66048229872763e-10
31.07  3.19198551971805e-09
31.08  3.92873340804201e-10
31.09  5.11549452666725e-09
31.1  8.12593690417662e-10
31.11  2.77224506815605e-09
31.12  7.8991863124848e-10
31.13  6.33675961692191e-09
31.14  2.34076331544203e-09
31.15  2.68863795602494e-09
31.16  3.80647921826657e-09
31.17  1.47500624116392e-09
31.18  4.02326867169569e-09
31.19  1.31772728440445e-11
31.2  3.54557191802533e-10
31.21  1.07863181863598e-09
31.22  3.97462112527792e-09
31.23  1.35402747740561e-09
31.24  2.95465263270147e-09
31.25  1.66920401451882e-09
31.26  2.91883111255101e-09
31.27  1.64484903211685e-09
31.28  6.10436509381582e-10
31.29  1.14434771135536e-09
31.3  2.16341838262099e-10
31.31  7.29408526343953e-11
31.32  3.74495541391403e-11
31.33  0
31.34  9.57811154977261e-10
31.35  0
31.36  8.93565919751144e-10
31.37  1.05409722174254e-09
31.38  1.36445146366969e-09
31.39  1.19994806170766e-11
31.4  1.99473781263508e-09
31.41  6.94899239084834e-11
31.42  1.2617837840374e-09
31.43  0
31.44  2.29106642579566e-09
31.45  8.82042425274408e-11
31.46  1.22397740977489e-09
31.47  7.20802588588938e-11
31.48  3.37783129087726e-09
31.49  1.43162815682151e-13
31.5  1.77579425918751e-09
31.51  3.8638607924378e-09
31.52  2.25575731830551e-09
31.53  5.05339984928902e-09
31.54  1.19263193461564e-10
31.55  2.86962409535748e-09
31.56  4.29310741013112e-10
31.57  9.36304733000142e-10
31.58  1.87249483887251e-09
31.59  2.00729182017563e-09
31.6  2.36711069270471e-10
31.61  1.79055550638165e-09
31.62  1.61087819048086e-09
31.63  7.97501488570031e-11
31.64  1.3797399735411e-09
31.65  1.83316915425485e-11
31.66  2.68585959159163e-09
31.67  1.80796618354015e-09
31.68  2.80248018386843e-09
31.69  3.03308691403451e-09
31.7  2.05920806382701e-09
31.71  2.81069051568938e-09
31.72  2.88240762111688e-09
31.73  8.37719596608955e-10
31.74  3.96033972297725e-10
31.75  1.96463452948994e-09
31.76  3.54172711340246e-10
31.77  1.20571015845503e-09
31.78  1.63345067273548e-09
31.79  2.55613955814714e-09
31.8  0
31.81  4.13402832809398e-09
31.82  2.4839202832414e-09
31.83  6.19588008776522e-09
31.84  1.2640886066176e-09
31.85  0
31.86  2.28552415340742e-09
31.87  6.52938187502085e-10
31.88  3.72435080557901e-09
31.89  0
31.9  2.4975265066913e-11
31.91  6.11586062100024e-11
31.92  5.8380421927326e-10
31.93  1.24446305711224e-10
31.94  1.71855041193701e-09
31.95  4.85367869513649e-10
31.96  1.14545429902513e-09
31.97  5.89831945983231e-10
31.98  1.69168236112706e-09
31.99  1.43611588064513e-09
32  8.47402048196289e-10
32.01  3.53493549234819e-09
32.02  7.08679900812311e-10
32.03  2.07124175806753e-09
32.04  6.01681992410152e-10
32.05  1.59046101909657e-09
32.06  1.32513956857762e-09
32.07  7.38250265884489e-10
32.08  2.20093549130428e-10
32.09  3.79248515952957e-09
32.1  2.43927440053062e-09
32.11  1.95538985924905e-09
32.12  3.10205972509737e-09
32.13  2.8076541071058e-10
32.14  3.53670021153581e-09
32.15  1.00566958960504e-09
32.16  3.19260670093836e-09
32.17  4.86451501657597e-10
32.18  0
32.19  1.6250567638618e-09
32.2  1.53899715559806e-09
32.21  1.4257732973129e-09
32.22  2.3135429289152e-09
32.23  7.13942427034785e-10
32.24  2.20108660146837e-09
32.25  3.04474275412847e-11
32.26  1.51373416740132e-09
32.27  2.47535566808971e-09
32.28  9.84108912208067e-10
32.29  2.33170799203435e-09
32.3  4.15778179745683e-10
32.31  2.82626470166192e-09
32.32  9.28126164743881e-10
32.33  1.96171688335909e-09
32.34  1.17417573863974e-09
32.35  2.48954713864181e-09
32.36  2.02085991170598e-11
32.37  1.53724670843758e-09
32.38  1.88217282025415e-11
32.39  2.31843184932019e-10
32.4  1.81961051215328e-09
32.41  7.04850097051931e-10
32.42  1.36453831217106e-09
32.43  2.24213315029531e-09
32.44  8.45986847779401e-10
32.45  5.32577990627102e-09
32.46  3.48912245661321e-10
32.47  5.58293490931569e-09
32.48  1.92407104335526e-09
32.49  2.27346611487423e-09
32.5  3.73823778691466e-09
32.51  3.72613078037663e-09
32.52  2.90945120721701e-09
32.53  4.33928421451174e-10
32.54  2.62579922432211e-09
32.55  3.54149091934887e-09
32.56  1.89142124976775e-09
32.57  5.47373134207842e-11
32.58  4.03593681026598e-09
32.59  1.08467528795999e-09
32.6  1.89712511153125e-09
32.61  1.29589269376088e-09
32.62  4.09819958216745e-10
32.63  2.35652378184001e-09
32.64  1.90815760239398e-10
32.65  6.08779937835982e-10
32.66  2.43233030567085e-09
32.67  3.02674663679403e-10
32.68  7.40154754911706e-10
32.69  0
32.7  1.57743500296738e-09
32.71  3.33623966931817e-10
32.72  1.37469879145051e-09
32.73  2.3784956554112e-10
32.74  7.47157989110135e-11
32.75  9.39796268899298e-10
32.76  2.80332735534925e-09
32.77  6.83692657912248e-10
32.78  1.67398654291246e-09
32.79  0
32.8  1.44663064009205e-09
32.81  1.07071449070011e-09
32.82  5.48100930960933e-12
32.83  6.51307735182539e-10
32.84  1.65346891692054e-09
32.85  2.32167774378898e-09
32.86  1.5699920393687e-09
32.87  3.08855768041288e-10
32.88  6.38809703424145e-11
32.89  1.25093712336916e-09
32.9  0
32.91  1.69219151029027e-09
32.92  0
32.93  3.33751268609991e-09
32.94  1.77791418380073e-11
32.95  1.34428057607481e-11
32.96  7.12968008905308e-10
32.97  1.55713130694403e-10
32.98  4.71867515149085e-10
32.99  1.26963704076017e-11
33  8.36313358165526e-10
33.01  2.68359301174169e-09
33.02  2.50012463092367e-10
33.03  5.39512135757428e-13
33.04  1.25057500663498e-09
33.05  5.09265873661873e-11
33.06  2.73405946163674e-09
33.07  1.84314691067079e-10
33.08  4.69661100241275e-10
33.09  1.57275171772739e-09
33.1  5.01812526090933e-10
33.11  1.47259620311666e-09
33.12  5.46356118487219e-10
33.13  6.18489504568022e-10
33.14  2.974781492283e-10
33.15  9.45409745429012e-10
33.16  2.54151428099583e-09
33.17  1.97711338050245e-09
33.18  2.71820335536215e-09
33.19  2.39728735853574e-09
33.2  7.05239046176799e-09
33.21  9.73876088319891e-10
33.22  4.9341190146142e-09
33.23  5.11005704540019e-09
33.24  1.7304977655591e-09
33.25  1.25108222610549e-09
33.26  3.3932875754641e-09
33.27  1.77526814788314e-09
33.28  1.90256074723509e-09
33.29  9.74728359073821e-10
33.3  2.49844566713465e-09
33.31  1.57568165332857e-09
33.32  2.03750492325791e-09
33.33  7.38601746350876e-11
33.34  2.97337191929094e-09
33.35  3.18733185340143e-09
33.36  0
33.37  2.44191922831799e-09
33.38  0
33.39  2.49587971421427e-09
33.4  2.75844410896917e-09
33.41  3.95051847812408e-09
33.42  2.91320657236281e-09
33.43  4.76574504703792e-09
33.44  8.50105212716258e-10
33.45  3.18117299144969e-09
33.46  1.11929783329967e-09
33.47  3.07840856691837e-09
33.48  1.84804950829765e-10
33.49  1.83446282911967e-09
33.5  3.54045659255394e-09
33.51  2.46348059333931e-10
33.52  8.33173204081368e-10
33.53  4.73164353067923e-10
33.54  8.07300172498506e-12
33.55  2.3531205965788e-09
33.56  3.14068080397035e-10
33.57  9.86451607596855e-10
33.58  0
33.59  5.786458609736e-11
33.6  2.36334335389516e-12
33.61  1.51411926808061e-09
33.62  2.87085321467998e-09
33.63  1.55143396868823e-09
33.64  2.64245464213488e-09
33.65  1.17714632213694e-10
33.66  9.60801079980254e-10
33.67  7.22340545853682e-10
33.68  3.53574885366706e-09
33.69  0
33.7  1.75546379038502e-09
33.71  1.34654832550694e-09
33.72  9.52306108269269e-10
33.73  4.31862430611982e-10
33.74  0
33.75  2.15549868060804e-11
33.76  0
33.77  0
33.78  4.77871949771649e-11
33.79  1.23876479633181e-10
33.8  3.65989410358761e-10
33.81  4.89675035106805e-10
33.82  0
33.83  5.58142230498922e-10
33.84  3.96110404149563e-11
33.85  2.43972681317433e-09
33.86  3.85091296352642e-10
33.87  0
33.88  1.49018178421117e-09
33.89  1.30905876545072e-09
33.9  2.23903419034433e-10
33.91  1.32645414750925e-09
33.92  1.68674394204331e-09
33.93  1.1572123891871e-09
33.94  3.38953450392734e-09
33.95  2.47445364379372e-09
33.96  0
33.97  4.60741161926994e-10
33.98  1.17172315643423e-09
33.99  2.62029331781618e-09
34  1.14682254183837e-09
34.01  2.11972185436837e-09
34.02  0
34.03  8.61399631997324e-10
34.04  1.29949364486406e-09
34.05  5.79728300280876e-10
34.06  1.98745394293213e-09
34.07  1.28265960243212e-09
34.08  3.58515201585353e-09
34.09  3.32531398983639e-10
34.1  5.07427671806759e-09
34.11  1.98487684334623e-10
34.12  3.5456724618078e-09
34.13  1.06043711841884e-09
34.14  2.94031372244945e-09
34.15  5.03828386640961e-09
34.16  8.45106216426745e-10
34.17  1.39718864835032e-09
34.18  2.37926859899664e-09
34.19  3.44613924155874e-09
34.2  1.83829669197269e-09
34.21  1.5179290308353e-09
34.22  2.52154413614639e-09
34.23  3.56784452155304e-09
34.24  4.5510447051357e-09
34.25  1.65324518573518e-09
34.26  2.54438304834013e-09
34.27  0
34.28  5.22311641985983e-10
34.29  1.73193231795833e-09
34.3  4.68060230557848e-10
34.31  1.98457255652124e-09
34.32  9.3406743510671e-10
34.33  8.66436762416554e-10
34.34  4.12018077683385e-10
34.35  5.0858057354753e-09
34.36  6.80861148812301e-11
34.37  4.37659461958618e-09
34.38  4.80167720790496e-11
34.39  2.4799407348827e-09
34.4  1.17497780591157e-09
34.41  3.60606984208768e-09
34.42  6.10279148948835e-09
34.43  4.77126368731511e-10
34.44  6.99562723152492e-10
34.45  1.01868834679111e-09
34.46  3.51948602057692e-10
34.47  8.60771104136597e-11
34.48  5.77201776244431e-10
34.49  0
34.5  4.31960321321711e-10
34.51  4.47553706360577e-11
34.52  1.18386078335739e-09
34.53  1.50426011047317e-09
34.54  7.35161958465656e-11
34.55  9.51133732755183e-10
34.56  8.75892327212148e-10
34.57  1.63370041612377e-09
34.58  1.05918362308312e-09
34.59  2.47008731114865e-09
34.6  1.04287286106665e-09
34.61  1.26635712218798e-09
34.62  1.07913899953068e-09
34.63  3.18234115458859e-09
34.64  3.5405775188052e-09
34.65  0
34.66  3.45297810182195e-10
34.67  1.055863299287e-09
34.68  5.12547844946176e-09
34.69  1.55262171722307e-09
34.7  2.60190339879187e-10
34.71  1.55258962123635e-10
34.72  1.02996940770286e-09
34.73  2.46573590787961e-09
34.74  3.37548948969806e-10
34.75  1.30356988365113e-09
34.76  1.0415606926331e-09
34.77  1.32391189112194e-12
34.78  1.01442735316631e-10
34.79  2.08651657682502e-10
34.8  1.18589334773254e-09
34.81  1.56396262354059e-09
34.82  3.47885287306671e-10
34.83  2.23414400854781e-09
34.84  1.74768560292746e-09
34.85  9.26255769635909e-11
34.86  1.51127967685136e-09
34.87  8.39803203421629e-10
34.88  4.61728084738891e-10
34.89  2.16936714175441e-09
34.9  3.91335040470251e-09
34.91  4.79528561965904e-10
34.92  3.82295827510646e-09
34.93  3.09699091509453e-09
34.94  1.44243924627652e-09
34.95  9.93547481266769e-11
34.96  1.47832918584179e-09
34.97  1.7922751611734e-09
34.98  1.88672930112559e-10
34.99  6.78852965113246e-10
35  0
35.01  5.82872625315916e-10
35.02  5.1680426666594e-10
35.03  1.13911298543212e-09
35.04  0
35.05  1.98556965665248e-09
35.06  1.89225442388866e-10
35.07  8.39124350708346e-10
35.08  3.44282121948768e-10
35.09  5.88269424196275e-10
35.1  9.42270490120403e-10
35.11  0
35.12  1.11244823189473e-09
35.13  3.37135503915764e-09
35.14  0
35.15  2.30576727238907e-09
35.16  9.77959357679784e-10
35.17  2.32318639774664e-09
35.18  8.05227092468866e-10
35.19  3.28213289557711e-09
35.2  1.05780344057811e-09
35.21  1.5293277380491e-09
35.22  3.47341600729201e-11
35.23  3.76676240955959e-09
35.24  1.21596377278451e-09
35.25  2.24324404751948e-09
35.26  1.01264506757843e-09
35.27  2.57576364931201e-09
35.28  1.96894229495979e-09
35.29  4.54621552019383e-10
35.3  4.45147575470332e-09
35.31  1.51836149068362e-09
35.32  3.08799734189828e-09
35.33  1.75406012806709e-09
35.34  2.65788396632867e-09
35.35  1.71282324607414e-09
35.36  1.61902716693784e-09
35.37  3.24367313542894e-09
35.38  2.38396983766601e-09
35.39  7.1543540140226e-11
35.4  1.73489083966835e-09
35.41  6.8927051024053e-10
35.42  3.03256576937749e-10
35.43  3.36602242156877e-10
35.44  1.35800542712535e-09
35.45  8.52812624013145e-10
35.46  2.13938941274398e-09
35.47  1.23140625043503e-09
35.48  4.1199559528224e-10
35.49  1.96422427012775e-09
35.5  1.14263714659989e-09
35.51  6.28987681011453e-11
35.52  1.76505759328217e-09
35.53  1.68205369283479e-09
35.54  4.37600478799532e-09
35.55  5.11265290122202e-10
35.56  2.54498737781751e-09
35.57  3.94750540592388e-10
35.58  4.33258894892036e-09
35.59  3.34259851123556e-09
35.6  2.61123969150344e-09
35.61  5.30541510386289e-09
35.62  1.34970460281458e-09
35.63  2.7168706580926e-09
35.64  1.29677435622257e-10
35.65  3.62475665572648e-09
35.66  3.95332934884185e-11
35.67  2.17430888371766e-10
35.68  1.98415037948352e-09
35.69  2.58684692386169e-09
35.7  2.33554157193302e-09
35.71  4.03237298170618e-09
35.72  2.94966137811453e-09
35.73  5.34316303397479e-09
35.74  1.7476537512432e-09
35.75  2.78529667088158e-09
35.76  2.12268929385507e-09
35.77  2.19878551533504e-09
35.78  3.18468548532855e-09
35.79  1.94012861927543e-09
35.8  3.85891412343284e-10
35.81  1.68521986600654e-09
35.82  1.47064565621932e-09
35.83  1.61190668493764e-09
35.84  1.22103433012554e-09
35.85  3.17754419607759e-10
35.86  1.19693618506715e-09
35.87  3.00638311758636e-10
35.88  1.60721449294097e-09
35.89  1.92522670918094e-10
35.9  1.45092239818926e-09
35.91  1.69036384466458e-09
35.92  1.46416799298571e-09
35.93  8.01423790123193e-10
35.94  1.50683500717281e-10
35.95  2.2460514081472e-09
35.96  1.50812925872648e-09
35.97  1.94638033804664e-09
35.98  6.79699316907817e-10
35.99  9.54939995274004e-10
36  7.5398709006776e-10
36.01  2.28248298286652e-10
36.02  2.14761719553188e-09
36.03  1.60603734164319e-09
36.04  1.50113523099024e-09
36.05  3.49561424150464e-09
36.06  2.38595817841751e-09
36.07  8.94931622118812e-10
36.08  5.69415378018644e-10
36.09  0
36.1  0
36.11  4.8277280563955e-10
36.12  1.64572329035991e-09
36.13  1.06424494622728e-09
36.14  9.73836245256824e-10
36.15  2.55710968762831e-09
36.16  2.33265244186838e-09
36.17  1.06770532919456e-09
36.18  1.25021106004356e-09
36.19  2.99294608900902e-11
36.2  1.72493294418393e-09
36.21  0
36.22  7.00567313514725e-10
36.23  1.85980031334819e-10
36.24  1.43666491330888e-09
36.25  3.99511519575979e-11
36.26  7.63141232631982e-10
36.27  3.06266922039675e-09
36.28  2.4079791036276e-09
36.29  3.55585526572719e-09
36.3  1.48563685873518e-09
36.31  5.58037582463166e-09
36.32  1.48064573071892e-09
36.33  3.12247529602013e-09
36.34  2.24426755252517e-10
36.35  9.88335271866973e-11
36.36  0
36.37  1.70471261393032e-09
36.38  3.59361218617184e-10
36.39  2.62149177914526e-09
36.4  1.5672854432875e-09
36.41  1.30022502031633e-09
36.42  3.91303026719682e-10
36.43  1.67667087797148e-10
36.44  3.92280384983045e-10
36.45  9.56355963967762e-10
36.46  5.90328756725776e-11
36.47  0
36.48  2.2953537668063e-10
36.49  0
36.5  3.19955260638102e-10
36.51  1.40091585115109e-11
36.52  2.81049590426006e-09
36.53  0
36.54  4.32479450903988e-09
36.55  2.36279742922685e-10
36.56  4.38305231690774e-09
36.57  1.50935215860945e-09
36.58  4.35377424097546e-10
36.59  2.00549405954698e-09
36.6  6.90850628526701e-10
36.61  3.25887585162187e-09
36.62  1.85438007008675e-09
36.63  6.0876488803236e-10
36.64  4.22972966697323e-10
36.65  1.15208143041978e-09
36.66  1.30139465522809e-09
36.67  4.61161829518081e-10
36.68  1.16281654443308e-09
36.69  1.51969514474886e-09
36.7  4.53368904838352e-10
36.71  8.14719479425984e-10
36.72  3.77870173879618e-10
36.73  5.48078322590005e-10
36.74  2.34225248643589e-09
36.75  1.02284496808268e-09
36.76  1.5289244031456e-09
36.77  7.32797644749697e-10
36.78  3.83790591883907e-09
36.79  1.50107965292817e-09
36.8  5.97843772934574e-11
36.81  2.85593316409176e-09
36.82  1.82514584764284e-09
36.83  3.07157676231674e-10
36.84  2.53610992944097e-09
36.85  1.36106946914896e-09
36.86  4.99528750834935e-09
36.87  2.83539441381892e-09
36.88  5.04792180019739e-09
36.89  2.45614740389263e-09
36.9  1.89108681379034e-09
36.91  1.101560449671e-09
36.92  1.05349188962423e-09
36.93  2.50383108420203e-09
36.94  2.92002446915438e-09
36.95  2.17442367274566e-09
36.96  9.77129414395136e-10
36.97  2.66219368153901e-11
36.98  2.00684914979338e-09
36.99  5.24247593929759e-10
37  2.98099181524292e-09
37.01  2.01684415640231e-10
37.02  1.784719150439e-10
37.03  2.05965868616837e-09
37.04  7.47796511851253e-11
37.05  3.35257244836006e-09
37.06  2.4868632828922e-09
37.07  3.63906225600253e-09
37.08  2.30759402642483e-09
37.09  1.91526056273995e-09
37.1  2.37432754376645e-09
37.11  4.14828507536567e-10
37.12  3.48481519177829e-09
37.13  3.49262559352408e-16
37.14  4.64738085703819e-10
37.15  9.242060138611e-11
37.16  2.22156146960509e-10
37.17  0
37.18  1.31167702761684e-09
37.19  4.0996381689647e-10
37.2  2.41194990412641e-09
37.21  1.69883984200211e-09
37.22  1.8315078009505e-09
37.23  3.73553954332887e-09
37.24  1.09667059337772e-10
37.25  2.93012974381645e-09
37.26  8.63312768218969e-10
37.27  4.64443616793273e-09
37.28  2.99703815090736e-09
37.29  2.6356814054001e-09
37.3  7.80449160471991e-10
37.31  1.17630723265631e-09
37.32  1.24045188491967e-10
37.33  5.28391794821351e-10
37.34  0
37.35  1.67195380099091e-09
37.36  7.198160841523e-12
37.37  2.1565647265546e-09
37.38  1.34320441805941e-09
37.39  5.54974811386135e-09
37.4  5.14765102305569e-09
37.41  1.03595609497043e-09
37.42  2.8378402202725e-09
37.43  2.81776108905839e-11
37.44  2.81186801190095e-09
37.45  1.29977929591571e-10
37.46  3.36057107440136e-09
37.47  6.2603078384678e-12
37.48  5.83941218253918e-09
37.49  5.60542041737664e-10
37.5  1.7143720687479e-09
37.51  8.45208333480243e-10
37.52  6.05226056191172e-10
37.53  2.11483337548538e-09
37.54  1.44476093495715e-09
37.55  1.4057987827674e-09
37.56  1.36825481676513e-09
37.57  3.24461322764895e-09
37.58  6.66326723915778e-10
37.59  3.46322370317286e-09
37.6  1.842769181658e-09
37.61  2.06259648672262e-09
37.62  1.33323646177144e-09
37.63  3.49767487283582e-09
37.64  6.99924063085847e-10
37.65  2.45324408395264e-09
37.66  9.61044044742752e-10
37.67  1.44285236611401e-09
37.68  5.06135812886512e-09
37.69  7.26777143107454e-11
37.7  5.87854781888075e-09
37.71  1.24070082588851e-09
37.72  3.22718522352035e-09
37.73  9.10501130748426e-10
37.74  5.01141608584567e-09
37.75  1.03018354241564e-09
37.76  6.9617646247287e-09
37.77  3.60730426433363e-09
37.78  6.36767573738517e-09
37.79  5.86825415450328e-09
37.8  3.47901638241599e-09
37.81  2.38428879882547e-09
37.82  2.07558023334162e-09
37.83  1.76562185642598e-09
37.84  1.17922523208506e-09
37.85  3.09260189155344e-09
37.86  3.35535630615009e-11
37.87  7.65790940059956e-11
37.88  2.17315284916594e-10
37.89  1.59655948770384e-09
37.9  2.05743243748625e-09
37.91  1.75726247442317e-09
37.92  9.27317427873501e-10
37.93  3.6395697055396e-09
37.94  2.63988456316836e-09
37.95  3.88335347747903e-09
37.96  2.73871923929447e-09
37.97  1.89151422490176e-10
37.98  3.31494199394694e-09
37.99  7.19080460064888e-10
38  1.84865817051498e-09
38.01  0
38.02  6.67707856691932e-10
38.03  1.03084161108819e-11
38.04  1.86330773556545e-10
38.05  3.96406402208379e-11
38.06  3.77259803151505e-09
38.07  2.60117985886019e-09
38.08  4.34660262781972e-09
38.09  4.24472216514735e-09
38.1  2.86624890330241e-10
38.11  5.50516171473836e-09
38.12  6.24440788303212e-10
38.13  5.25228203013023e-09
38.14  2.08218100412478e-10
38.15  4.62673824777928e-09
38.16  0
38.17  8.84317236031651e-10
38.18  0
38.19  2.42414024688585e-10
38.2  3.02096962266634e-10
38.21  3.66709582475762e-11
38.22  1.32452414402353e-09
38.23  7.59031088630315e-11
38.24  2.22434949030262e-09
38.25  3.18653100001114e-09
38.26  2.47149729204991e-09
38.27  2.42788463517341e-10
38.28  4.61607955092495e-09
38.29  9.55587127783388e-10
38.3  2.85836324502692e-09
38.31  9.49601785957559e-10
38.32  2.61660803730989e-09
38.33  1.51949525707714e-11
38.34  3.10681176858774e-09
38.35  0
38.36  1.37119605108513e-09
38.37  2.0647376292306e-10
38.38  3.44744102921598e-09
38.39  7.256554505571e-10
38.4  2.59387609740313e-09
38.41  3.00354070385107e-09
38.42  6.72279525718719e-10
38.43  1.36899348454734e-09
38.44  2.26509178607614e-09
38.45  1.23896314120661e-09
38.46  2.16303798692214e-09
38.47  1.36637893496523e-11
38.48  1.45040315299833e-09
38.49  5.18804550111366e-10
38.5  1.64073461365604e-10
38.51  8.53488436722361e-09
38.52  3.8694909749404e-10
38.53  1.47671718291884e-09
38.54  1.82400738191878e-09
38.55  9.81756207799052e-10
38.56  2.23273088070346e-09
38.57  1.71491638688988e-09
38.58  3.72516140855541e-09
38.59  7.06937453060704e-10
38.6  7.85634019732829e-10
38.61  1.07860523152783e-09
38.62  2.98649683199549e-09
38.63  2.60775914364276e-09
38.64  5.74361285036929e-10
38.65  4.54334861224381e-10
38.66  2.97057460299792e-10
38.67  2.95765440335274e-10
38.68  1.97793276933037e-09
38.69  2.88102099167958e-09
38.7  5.11549101170606e-10
38.71  0
38.72  1.20599839027347e-09
38.73  0
38.74  4.58549506417792e-10
38.75  5.68944651015537e-10
38.76  1.49231931489404e-09
38.77  2.45047483379997e-09
38.78  5.74420712953266e-10
38.79  2.66836077443205e-09
38.8  0
38.81  3.91841293464292e-09
38.82  2.38440277839173e-09
38.83  3.82223648965322e-09
38.84  2.20203913373721e-09
38.85  1.42183204133076e-09
38.86  2.39101528415502e-09
38.87  2.59855883100175e-09
38.88  0
38.89  2.89309709536198e-09
38.9  2.81070352536806e-10
38.91  3.9034918968746e-09
38.92  1.00370832793399e-09
38.93  2.76150005329816e-09
38.94  2.27274977507418e-09
38.95  3.95478992189892e-09
38.96  1.13067443570455e-09
38.97  1.42747640297637e-09
38.98  1.37642101209289e-09
38.99  5.91364898339818e-10
39  3.21189216835195e-09
39.01  4.62138125590158e-09
39.02  4.42880649276654e-09
39.03  5.23303794030009e-09
39.04  2.12120194604814e-09
39.05  2.42031328700696e-09
39.06  3.65171084335148e-09
39.07  5.67435714264991e-10
39.08  4.99381528663441e-09
39.09  5.62822369465176e-10
39.1  2.66022504665361e-09
39.11  2.54657454106186e-09
39.12  2.20104001940748e-09
39.13  3.21331600573748e-09
39.14  1.10965804545289e-09
39.15  3.25001742033365e-09
39.16  7.36599170485247e-10
39.17  1.75597202201027e-09
39.18  2.44242401153499e-09
39.19  1.29107204945621e-09
39.2  3.28302038387687e-09
39.21  0
39.22  1.61895043742025e-09
39.23  1.5790128983137e-09
39.24  1.51652311065108e-09
39.25  5.52021894493277e-10
39.26  4.91173421000725e-10
39.27  7.07860443517687e-10
39.28  2.28930652190029e-10
39.29  6.81875533932871e-15
39.3  1.85384723313429e-10
39.31  1.92604226721414e-10
39.32  8.1193463296951e-10
39.33  7.84853878352659e-11
39.34  0
39.35  2.05342264641379e-09
39.36  2.86150515953026e-10
39.37  1.92818805196579e-09
39.38  3.98934591765368e-10
39.39  1.30883661138436e-09
39.4  1.55173350439759e-09
39.41  2.16628827904282e-09
39.42  9.96472125616045e-10
39.43  1.36496441313035e-09
39.44  2.18972395412325e-09
39.45  4.03931287792177e-09
39.46  4.31222426901758e-09
39.47  1.68731787035573e-09
39.48  5.14397253721719e-10
39.49  5.50169425375039e-10
39.5  1.74332014582566e-09
39.51  4.02772391215718e-10
39.52  2.25125090140688e-09
39.53  1.7237759850134e-09
39.54  2.58049299855328e-09
39.55  2.11043200735042e-09
39.56  1.81686609529655e-09
39.57  1.94167891772896e-09
39.58  3.62437629171238e-09
39.59  1.86795375602141e-09
39.6  1.4777179790649e-09
39.61  3.27084672226461e-09
39.62  3.05356339351599e-09
39.63  1.12913344605606e-09
39.64  3.96332444364838e-09
39.65  1.05714581887839e-09
39.66  3.80385341644899e-09
39.67  6.72938324859892e-10
39.68  2.5253542339652e-09
39.69  1.83688843005113e-09
39.7  1.73439247539811e-09
39.71  1.88684624363105e-09
39.72  2.6273420128979e-09
39.73  1.08519560593184e-09
39.74  1.55157485294222e-09
39.75  2.98446273288824e-09
39.76  3.93657829754815e-09
39.77  2.7906107312988e-09
39.78  3.24164042523298e-09
39.79  1.35582003905125e-09
39.8  1.09347304851068e-09
39.81  1.92132990724142e-09
39.82  3.70242243661524e-09
39.83  2.39967978259824e-09
39.84  9.8593425719906e-10
39.85  1.74445924494699e-09
39.86  4.36977005213482e-09
39.87  4.82391727761884e-10
39.88  1.92786381342713e-09
39.89  2.10600293173513e-09
39.9  7.14331249359506e-10
39.91  2.477825312466e-11
39.92  9.59533349588223e-11
39.93  6.56820136326716e-10
39.94  3.60323193168364e-09
39.95  2.73693980548259e-10
39.96  4.08691893026337e-09
39.97  8.610065456109e-10
39.98  1.94317265041876e-09
39.99  1.68600254981052e-09
40  1.27812286123214e-09
40.01  1.19839568540244e-09
40.02  9.70421589311866e-10
40.03  1.1063373765062e-10
40.04  1.11586848736192e-09
40.05  1.29228798186335e-09
40.06  3.93146459097617e-10
40.07  8.12978724051989e-10
40.08  7.01044227229262e-10
40.09  3.06692713938929e-10
40.1  1.97383077750301e-09
