# Fix print output for fix 7
-0 0 0
0.010000000000403 0 0
0.0200000000005076 0 0
0.030000000000399 0 0
0.0400000000004042 0 0
0.0500000000002956 0 0
0.0600000000003007 0 0
0.0700000000003058 0 0
0.0800000000001972 0 0
0.0900000000001029 0 0
0.100000000000108 0 0
0.110000000000099 0 0
0.120000000000005 0 0
0.129999999999995 0 0
0.139999999999901 0 0
0.150000000000006 0 0
0.159999999999997 0 0
0.169999999999902 0 0
0.179999999999907 0 0
0.189999999999898 0 0
0.200000000000003 0 0
0.209999999999908 0 0
0.219999999999899 0 0
0.230000000000302 0 0
0.240000000000308 0 0
0.250000000000298 0 0
0.260000000000204 0 0
0.270000000000195 0 0
0.2800000000002 0 0
0.290000000000205 0 0
0.300000000000097 0 0
0.310000000000102 0 0
0.320000000000007 0 0
0.329999999999998 0 0
0.340000000000003 0 0
0.349999999999909 0 0
0.3599999999999 0 0
0.370000000000005 0 0
0.379999999999896 0 0
0.389999999999901 0 0
0.399999999999807 0 0
0.409999999999798 0 0
0.419999999999803 0 0
0.429999999999708 0 0
0.4399999999996 0 0
0.449999999999605 0 0
0.459999999999809 0 0
0.4699999999997 0 0
0.479999999999706 0 0
0.489999999999796 0 0
0.500000000000199 0 0
0.510000000000105 0 0
0.520000000000095 0 0
0.530000000000001 0 0
0.539999999999907 0 0
0.549999999999898 0 0
0.559999999999903 0 0
0.569999999999808 0 0
0.579999999999799 0 0
0.589999999999804 0 0
0.599999999999795 0 0
0.609999999999701 0 0
0.619999999999706 0 0
0.629999999999697 0 0
0.639999999999702 0 0
0.649999999999608 0 0
0.659999999999599 0 0
0.669999999999504 0 0
0.679999999999708 0 0
0.689999999999699 0 0
0.699999999999605 0 0
0.709999999999496 0 0
0.719999999999999 0 0
0.730000000000103 0 0
0.740000000000009 0 0
0.749999999999901 0 0
0.759999999999906 0 0
0.769999999999897 0 0
0.779999999999802 0 0
0.789999999999807 0 0
0.799999999999699 0 0
0.809999999999704 0 0
0.819999999999709 0 0
0.8299999999996 0 0
0.839999999999506 0 0
0.849999999999497 0 0
0.859999999999602 0 0
0.869999999999507 0 0
0.879999999999498 0 0
0.889999999999404 0 0
0.899999999999608 0 0
0.909999999999499 0 0
0.919999999999504 0 0
0.929999999999396 0 0
0.939999999999799 0 0
0.949999999999903 0 0
0.959999999999809 0 0
0.9699999999998 0 0
0.979999999999706 0 0
0.989999999999796 0 0
0.999999999999702 0 0
1.00999999999971 0 0
1.0199999999996 0 0
1.0299999999996 0 0
1.03999999999961 0 0
1.0499999999995 0 0
1.0599999999995 0 0
1.0699999999994 0 0
1.0799999999995 0 0
1.08999999999951 0 0
1.0999999999994 0 0
1.1099999999994 0 0
1.11999999999931 0 0
1.1299999999993 0 0
1.1399999999992 0 0
1.1499999999992 0 0
1.1599999999994 0 0
1.16999999999931 0 0
1.1799999999993 0 0
1.1899999999992 0 0
1.1999999999996 0 0
1.20999999999981 0 0
1.2199999999997 0 0
1.22999999999961 0 0
1.2399999999996 0 0
1.2499999999995 0 0
1.25999999999951 0 0
1.2699999999995 0 0
1.2799999999994 0 0
1.2899999999994 0 0
1.2999999999994 0 0
1.30999999999931 0 0
1.3199999999993 0 0
1.3300000000001 0 0
1.3400000000001 0 0
1.35000000000011 0 0
1.36 0 0
1.37 0 0
1.3799999999999 0 0
1.3900000000001 0 0
1.40000000000001 0 0
1.41 0 0
1.4200000000004 0 0
1.4300000000005 0 0
1.4400000000005 0 0
1.4500000000004 0 0
1.46000000000031 0 0
1.4700000000003 0 0
1.4800000000003 0 0
1.49000000000021 0 0
1.5000000000002 0 0
1.5100000000001 0 0
1.5200000000001 0 0
1.53 0 0
1.54000000000001 0 0
1.5499999999999 0 0
1.56 0 0
1.57000000000001 0 0
1.58 0 0
1.59 0 0
1.59999999999991 0 0
1.61 0 0
1.61999999999991 0 0
1.6299999999999 0 0
1.6399999999998 0 0
1.6500000000002 0 0
1.6600000000002 0 0
1.6700000000001 0 0
1.68000000000011 0 0
1.6900000000001 0 0
1.7000000000001 0 0
1.71000000000001 0 0
1.72 0 0
1.7299999999999 0 0
1.7399999999999 0 0
1.7499999999999 0 0
1.75999999999971 0 0
1.7699999999996 0 0
1.7799999999999 0 0
1.78999999999991 0 0
1.7999999999999 0 0
1.8099999999998 0 0
1.81999999999981 0 0
1.8299999999998 0 0
1.8399999999997 0 0
1.8499999999997 0 0
1.8599999999996 0 0
1.86999999999991 0 0
1.88 0 0
1.8899999999999 0 0
1.89999999999981 0 0
1.9100000000001 0 0
1.9200000000002 0 0
1.93000000000011 0 0
1.94 0 0
1.95 0 0
1.95999999999991 0 0
1.9699999999999 0 0
1.9799999999999 0 0
1.9899999999998 0 0
1.9999999999998 0 0
2.00999999999981 0 0
2.0199999999998 0 0
2.0299999999997 0 0
2.03999999999971 0 0
2.0499999999997 0 0
2.0599999999997 0 0
2.0699999999996 0 0
2.0799999999995 0 0
2.0899999999998 0 0
2.0999999999998 0 0
2.1099999999997 0 0
2.11999999999971 0 0
2.13 0 0
2.1400000000001 0 0
2.15000000000001 0 0
2.16 0 0
2.1699999999999 0 0
2.17999999999991 0 0
2.1899999999998 0 0
2.1999999999998 0 0
2.2099999999997 0 0
2.2199999999997 0 0
2.22999999999981 0 0
2.2399999999997 0 0
2.2499999999997 0 0
2.25999999999991 0 0
2.2699999999999 0 0
2.2799999999998 0 0
2.28999999999981 0 0
2.2999999999997 0 0
2.3099999999997 0 0
2.31999999999971 0 0
2.3299999999996 0 0
2.33999999999961 0 0
2.3499999999996 0 0
2.3599999999999 0 0
2.36999999999981 0 0
2.3799999999998 0 0
2.39 0 0
2.40000000000011 0 0
2.4100000000001 0 0
2.42 0 0
2.42999999999991 0 0
2.4399999999999 0 0
2.4499999999999 0 0
2.45999999999981 0 0
2.4699999999998 0 0
2.47999999999971 0 0
2.4899999999998 0 0
2.4999999999998 0 0
2.50999999999971 0 0
2.5199999999997 0 0
2.5299999999997 0 0
2.53999999999961 0 0
2.5499999999995 0 0
2.5599999999995 0 0
2.5699999999994 0 0
2.5799999999997 0 0
2.5899999999998 0 0
2.5999999999997 0 0
2.6099999999997 0 0
2.62 0 0
2.63 0 0
2.6399999999999 0 0
2.64999999999991 0 0
2.6599999999998 0 0
2.6699999999998 0 0
2.67999999999981 0 0
2.6899999999997 0 0
2.6999999999997 0 0
2.7099999999996 0 0
2.7199999999997 0 0
2.72999999999961 0 0
2.7399999999996 0 0
2.7499999999998 0 0
2.75999999999991 0 0
2.7699999999998 0 0
2.7799999999997 0 0
2.78999999999971 0 0
2.8 0 0
2.8099999999999 0 0
2.81999999999991 0 0
2.8299999999998 0 0
2.8400000000001 0 0
2.85000000000021 0 0
2.8600000000002 0 0
2.8700000000001 0 0
2.88000000000009 0 0
2.89 0 0
2.90000000000001 0 0
2.9099999999999 0 0
2.9199999999999 0 0
2.92999999999981 0 0
2.9399999999999 0 0
2.9499999999999 0 0
2.95999999999981 0 0
2.9699999999998 0 0
2.97999999999981 0 0
2.9899999999998 0 0
2.9999999999997 0 0
3.00999999999961 0 0
3.0199999999996 0 0
3.0299999999996 0 0
3.03999999999951 0 0
3.0499999999995 0 0
3.0599999999997 0 0
3.06999999999981 0 0
3.0799999999997 0 0
3.0899999999997 0 0
3.09999999999991 0 0
3.11 0 0
3.11999999999991 0 0
3.1299999999999 0 0
3.1399999999998 0 0
3.14999999999981 0 0
3.1599999999998 0 0
3.1699999999997 0 0
3.17999999999971 0 0
3.1899999999998 0 0
3.1999999999999 0 0
3.20999999999991 0 0
3.2199999999999 0 0
3.22999999999981 0 0
3.2399999999998 0 0
3.2499999999998 0 0
3.25999999999981 0 0
3.2699999999997 0 0
3.2799999999997 0 0
3.28999999999991 0 0
3.2999999999999 0 0
3.3099999999999 0 0
3.32000000000021 0 0
3.3300000000003 0 0
3.3400000000003 0 0
3.35000000000021 0 0
3.3600000000002 0 0
3.3700000000001 0 0
3.38000000000009 0 0
3.39 0 0
3.39999999999981 0 0
3.4099999999998 0 0
3.4199999999999 0 0
3.42999999999991 0 0
3.4399999999998 0 0
3.4499999999998 0 0
3.4599999999997 0 0
3.4699999999997 0 0
3.47999999999971 0 0
3.4899999999996 0 0
3.4999999999995 0 0
3.50999999999951 0 0
3.5199999999995 0 0
3.5299999999994 0 0
3.53999999999981 0 0
3.5499999999998 0 0
3.5599999999999 0 0
3.56999999999991 0 0
3.5799999999998 0 0
3.5899999999998 0 0
3.5999999999998 0 0
3.6099999999997 0 0
3.61999999999971 0 0
3.6299999999996 0 0
3.6399999999996 0 0
3.64999999999951 0 0
3.6599999999995 0 0
3.6699999999994 0 0
3.67999999999981 0 0
3.6899999999998 0 0
3.6999999999997 0 0
3.7099999999997 0 0
3.7199999999996 0 0
3.72999999999961 0 0
3.7399999999996 0 0
3.7499999999995 0 0
3.75999999999941 0 0
3.7699999999999 0 0
3.78 0 0
3.78999999999991 0 0
3.7999999999999 0 0
3.8100000000001 0 0
3.82000000000011 0 0
3.83 0 0
3.84 0 0
3.84999999999991 0 0
3.8599999999999 0 0
3.86999999999981 0 0
3.8799999999998 0 0
3.8899999999997 0 0
3.89999999999971 0 0
3.9099999999999 0 0
3.9199999999998 0 0
3.92999999999971 0 0
3.9399999999997 0 0
3.9499999999996 0 0
3.9599999999996 0 0
3.9699999999996 0 0
3.97999999999951 0 0
3.9899999999999 0 0
3.9999999999999 0 0
4.00999999999981 0 0
4.0199999999998 0 0
4.03 0 0
4.04000000000021 0 0
4.0500000000001 0 0
4.06 0 0
4.07000000000001 0 0
4.0799999999999 0 0
4.0899999999999 0 0
4.09999999999991 0 0
4.1099999999998 0 0
4.11999999999981 0 0
4.1299999999999 0 0
4.1399999999999 0 0
4.14999999999981 0 0
4.1600000000001 0 0
4.1700000000001 0 0
4.18000000000001 0 0
4.19 0 0
4.1999999999999 0 0
4.20999999999981 0 0
4.2199999999998 0 0
4.22999999999981 0 0
4.2399999999997 0 0
4.2499999999997 0 0
4.2600000000002 0 0
4.27000000000019 0 0
4.2800000000002 0 0
4.29000000000011 0 0
4.3000000000001 0 0
4.3100000000001 0 0
4.32000000000001 0 0
4.33 0 0
4.3399999999999 0 0
4.34999999999991 0 0
4.3599999999998 0 0
4.36999999999971 0 0
4.3799999999997 0 0
4.3899999999998 0 0
4.39999999999981 0 0
4.4099999999997 0 0
4.4199999999997 0 0
4.42999999999961 0 0
4.4399999999996 0 0
4.44999999999951 0 0
4.4599999999995 0 0
4.4699999999994 0 0
4.48 0 0
4.49000000000001 0 0
4.5 0 0
4.5100000000002 0 0
4.5200000000001 0 0
4.5300000000001 0 0
4.54000000000011 0 0
4.55 0 0
4.56 0 0
4.56999999999991 0 0
4.5799999999999 0 0
4.5899999999998 0 0
4.5999999999998 0 0
4.6099999999997 0 0
4.61999999999991 0 0
4.6299999999998 0 0
4.6399999999998 0 0
4.64999999999971 0 0
4.6599999999997 0 0
4.6699999999997 0 0
4.67999999999961 0 0
4.6899999999996 0 0
4.7 0 0
4.70999999999991 0 0
4.7199999999999 0 0
4.72999999999981 0 0
4.74000000000011 0 0
4.7500000000002 0 0
4.7600000000002 0 0
4.7700000000001 0 0
4.78 0 0
4.79000000000001 0 0
4.8 0 0
4.8099999999999 0 0
4.81999999999991 0 0
4.8299999999998 0 0
4.84 0 0
4.85000000000001 0 0
4.8599999999999 0 0
4.86999999999981 0 0
4.8799999999998 0 0
4.8899999999998 0 0
4.89999999999971 0 0
4.9099999999997 0 0
4.9199999999996 0 0
4.92999999999961 0 0
4.9399999999995 0 0
4.94999999999941 0 0
4.95999999999981 0 0
4.97 0 0
4.98 0 0
4.9899999999999 0 0
4.9999999999998 0 0
5.00999999999981 0 0
5.0199999999998 0 0
5.0299999999997 0 0
5.03999999999971 0 0
5.0499999999996 0 0
5.0599999999996 0 0
5.0699999999996 0 0
5.0799999999995 0 0
5.08999999999961 0 0
5.0999999999998 0 0
5.1099999999998 0 0
5.11999999999971 0 0
5.1299999999996 0 0
5.1399999999996 0 0
5.14999999999961 0 0
5.1599999999995 0 0
5.1699999999995 0 0
5.1799999999994 0 0
5.19 0 0
5.1999999999999 0 0
5.20999999999981 0 0
5.2200000000001 0 0
5.23 0 0
5.24000000000001 0 0
5.25 0 0
5.25999999999991 0 0
5.2699999999999 0 0
5.2799999999999 0 0
5.28999999999981 0 0
5.3 0 0
5.3099999999999 0 0
5.32000000000001 0 0
5.33 0 0
5.3399999999999 0 0
5.34999999999991 0 0
5.3599999999998 0 0
5.36999999999981 0 0
5.3799999999998 0 0
5.3899999999997 0 0
5.39999999999971 0 0
5.4099999999998 0 0
5.4199999999998 0 0
5.42999999999971 0 0
5.4399999999997 0 0
5.4499999999999 0 0
5.46000000000011 0 0
5.47 0 0
5.48 0 0
5.4899999999999 0 0
5.4999999999999 0 0
5.50999999999991 0 0
5.5199999999998 0 0
5.5299999999998 0 0
5.53999999999971 0 0
5.5499999999997 0 0
5.5599999999997 0 0
5.5699999999996 0 0
5.5799999999999 0 0
5.59 0 0
5.59999999999991 0 0
5.6099999999999 0 0
5.61999999999981 0 0
5.6299999999999 0 0
5.6399999999999 0 0
5.64999999999981 0 0
5.6599999999998 0 0
5.6700000000002 0 0
5.68000000000031 0 0
5.6900000000003 0 0
5.7000000000002 0 0
5.71000000000021 0 0
5.7200000000001 0 0
5.7300000000001 0 0
5.74000000000001 0 0
5.75 0 0
5.75999999999991 0 0
5.7699999999999 0 0
5.7799999999999 0 0
5.78999999999981 0 0
5.7999999999997 0 0
5.8099999999999 0 0
5.81999999999981 0 0
5.8299999999998 0 0
5.8399999999997 0 0
5.8499999999998 0 0
5.8599999999998 0 0
5.86999999999981 0 0
5.8799999999997 0 0
5.8900000000001 0 0
5.90000000000011 0 0
5.9100000000001 0 0
5.92 0 0
5.93000000000021 0 0
5.9400000000003 0 0
5.9500000000002 0 0
5.96000000000021 0 0
5.9700000000001 0 0
5.9800000000001 0 0
5.99000000000011 0 0
6 0 0
6.01000000000001 0 0
6.0199999999999 0 0
6.03 0 0
6.04000000000001 0 0
6.05 0 0
6.0599999999999 0 0
6.06999999999981 0 0
6.0799999999998 0 0
6.0899999999998 0 0
6.0999999999997 0 0
6.1099999999997 0 0
6.11999999999981 0 0
6.1299999999998 0 0
6.1399999999997 0 0
6.14999999999971 0 0
6.1600000000002 0 0
6.1700000000002 0 0
6.18000000000011 0 0
6.1900000000001 0 0
6.2 0 0
6.21000000000001 0 0
6.22 0 0
6.2299999999999 0 0
6.2399999999998 0 0
6.2499999999998 0 0
6.25999999999981 0 0
6.2699999999998 0 0
6.2799999999997 0 0
6.28999999999981 0 0
6.2999999999998 0 0
6.3099999999997 0 0
6.31999999999971 0 0
6.3299999999996 0 0
6.3399999999997 0 0
6.3499999999997 0 0
6.3599999999996 0 0
6.37 0 0
6.38 0 0
6.3900000000001 0 0
6.40000000000001 0 0
6.41 0 0
6.4199999999999 0 0
6.42999999999991 0 0
6.4399999999999 0 0
6.4499999999998 0 0
6.45999999999981 0 0
6.4699999999997 0 0
6.47999999999971 0 0
6.4899999999997 0 0
6.4999999999996 0 0
6.50999999999951 0 0
6.5199999999997 0 0
6.5299999999996 0 0
6.53999999999961 0 0
6.5499999999995 0 0
6.5599999999996 0 0
6.5699999999996 0 0
6.5799999999996 0 0
6.58999999999951 0 0
6.59999999999991 0 0
6.6099999999999 0 0
6.61999999999991 0 0
6.6299999999998 0 0
6.64 0 0
6.65000000000011 0 0
6.6600000000001 0 0
6.67 0 0
6.68000000000001 0 0
6.6899999999999 0 0
6.6999999999999 0 0
6.70999999999991 0 0
6.7199999999998 0 0
6.72999999999981 0 0
6.7399999999999 0 0
6.7499999999999 0 0
6.75999999999981 0 0
6.7699999999998 0 0
6.7799999999997 0 0
6.78999999999971 0 0
6.7999999999996 0 0
6.8099999999996 0 0
6.81999999999971 0 0
6.8299999999997 0 0
6.83999999999961 0 0
6.8499999999995 0 0
6.8599999999999 0 0
6.8700000000001 0 0
6.88 0 0
6.89 0 0
6.89999999999991 0 0
6.9099999999999 0 0
6.9199999999999 0 0
6.92999999999981 0 0
6.9399999999998 0 0
6.9499999999997 0 0
6.9599999999997 0 0
6.9699999999997 0 0
6.97999999999961 0 0
6.9899999999999 0 0
6.9999999999999 0 0
7.00999999999991 0 0
7.0199999999999 0 0
7.0299999999998 0 0
7.03999999999981 0 0
7.05 0 0
7.0599999999999 0 0
7.06999999999981 0 0
7.0799999999998 0 0
7.0900000000003 0 0
7.10000000000031 0 0
7.1100000000002 0 0
7.1200000000002 0 0
7.13000000000009 0 0
7.1400000000001 0 0
7.15000000000001 0 0
7.1600000000001 0 0
7.17 0 0
7.18000000000011 0 0
7.19 0 0
7.2 0 0
7.20999999999991 0 0
7.22 0 0
7.2299999999999 0 0
7.2399999999998 0 0
7.2499999999997 0 0
7.25999999999971 0 0
7.2699999999997 0 0
7.2799999999996 0 0
7.28999999999961 0 0
7.2999999999995 0 0
7.3099999999998 0 0
7.31999999999981 0 0
7.3299999999998 0 0
7.34 0 0
7.35000000000001 0 0
7.3600000000001 0 0
7.3700000000001 0 0
7.38 0 0
7.39 0 0
7.39999999999991 0 0
7.4099999999999 0 0
7.4199999999998 0 0
7.42999999999981 0 0
7.4399999999998 0 0
7.4499999999999 0 0
7.45999999999981 0 0
7.4699999999998 0 0
7.47999999999981 0 0
7.4899999999998 0 0
7.4999999999997 0 0
7.50999999999961 0 0
7.5199999999996 0 0
7.5299999999999 0 0
7.53999999999991 0 0
7.5499999999998 0 0
7.5599999999998 0 0
7.57000000000011 0 0
7.5800000000002 0 0
7.5900000000002 0 0
7.60000000000011 0 0
7.6100000000001 0 0
7.62 0 0
7.63 0 0
7.64 0 0
7.64999999999991 0 0
7.6599999999998 0 0
7.6699999999999 0 0
7.67999999999981 0 0
7.6899999999998 0 0
7.6999999999997 0 0
7.70999999999981 0 0
7.7199999999998 0 0
7.72999999999971 0 0
7.7399999999997 0 0
7.7499999999998 0 0
7.75999999999991 0 0
7.7699999999998 0 0
7.7799999999997 0 0
7.79000000000011 0 0
7.8000000000002 0 0
7.8100000000002 0 0
7.82000000000011 0 0
7.83 0 0
7.8400000000001 0 0
7.85000000000001 0 0
7.86 0 0
7.86999999999991 0 0
7.8799999999998 0 0
7.8899999999999 0 0
7.89999999999991 0 0
7.9099999999998 0 0
7.9199999999998 0 0
7.92999999999991 0 0
7.9399999999999 0 0
7.9499999999998 0 0
7.95999999999981 0 0
7.9699999999997 0 0
7.97999999999971 0 0
7.9899999999996 0 0
7.9999999999996 0 0
8.00999999999951 0 0
8.0199999999999 0 0
8.0299999999998 0 0
8.03999999999971 0 0
8.0499999999997 0 0
8.0600000000001 0 0
8.07000000000011 0 0
8.0800000000001 0 0
8.09 0 0
8.10000000000001 0 0
8.11 0 0
8.11999999999991 0 0
8.1299999999998 0 0
8.1399999999998 0 0
8.14999999999981 0 0
8.1599999999999 0 0
8.1699999999998 0 0
8.17999999999971 0 0
8.1899999999998 0 0
8.1999999999997 0 0
8.2099999999997 0 0
8.2199999999996 0 0
8.22999999999951 0 0
8.2399999999998 0 0
8.2499999999998 0 0
8.25999999999981 0 0
8.2699999999997 0 0
8.2800000000001 0 0
8.29000000000021 0 0
8.3000000000001 0 0
8.3100000000001 0 0
8.32000000000001 0 0
8.33 0 0
8.34 0 0
8.34999999999991 0 0
8.3599999999999 0 0
8.36999999999981 0 0
8.3799999999998 0 0
8.3899999999998 0 0
8.39999999999971 0 0
8.4099999999998 0 0
8.4199999999998 0 0
8.42999999999981 0 0
8.4399999999997 0 0
8.4499999999997 0 0
8.45999999999991 0 0
8.4699999999999 0 0
8.47999999999981 0 0
8.4899999999998 0 0
8.5000000000002 0 0
8.5100000000003 0 0
8.52000000000019 0 0
8.5300000000002 0 0
8.54000000000011 0 0
8.5500000000001 0 0
8.5600000000001 0 0
8.57000000000001 0 0
8.58 0 0
8.5899999999999 0 0
8.60000000000001 0 0
8.61 0 0
8.61999999999991 0 0
8.6299999999998 0 0
8.6399999999999 0 0
8.64999999999991 0 0
8.6599999999998 0 0
8.6699999999998 0 0
8.67999999999971 0 0
8.6899999999997 0 0
8.6999999999997 0 0
8.7099999999996 0 0
8.7199999999998 0 0
8.7299999999999 0 0
8.7399999999998 0 0
8.7499999999998 0 0
8.7600000000001 0 0
8.77000000000019 0 0
8.7800000000001 0 0
8.79000000000011 0 0
8.8 0 0
8.81 0 0
8.82000000000001 0 0
8.8299999999999 0 0
8.8399999999998 0 0
8.8499999999998 0 0
8.8599999999999 0 0
8.86999999999991 0 0
8.8799999999998 0 0
8.8899999999997 0 0
8.89999999999981 0 0
8.9099999999997 0 0
8.9199999999997 0 0
8.92999999999961 0 0
8.9399999999995 0 0
8.9499999999999 0 0
8.95999999999981 0 0
8.9699999999998 0 0
8.97999999999981 0 0
8.99000000000011 0 0
9.0000000000002 0 0
9.0100000000002 0 0
9.0200000000001 0 0
9.03 0 0
9.04000000000011 0 0
9.05 0 0
9.0599999999999 0 0
9.06999999999991 0 0
9.0799999999999 0 0
9.0899999999999 0 0
9.0999999999998 0 0
9.1099999999998 0 0
9.11999999999981 0 0
9.1299999999998 0 0
9.1399999999998 0 0
9.14999999999971 0 0
9.1599999999997 0 0
9.1699999999999 0 0
9.17999999999981 0 0
9.1899999999998 0 0
9.1999999999997 0 0
9.21000000000011 0 0
9.2200000000002 0 0
9.2300000000002 0 0
9.24000000000001 0 0
9.25 0 0
9.26000000000001 0 0
9.2699999999999 0 0
9.2799999999999 0 0
9.28999999999981 0 0
9.2999999999998 0 0
9.3099999999997 0 0
9.31999999999971 0 0
9.3299999999996 0 0
9.33999999999961 0 0
9.3499999999997 0 0
9.3599999999997 0 0
9.36999999999961 0 0
9.3799999999996 0 0
9.3899999999995 0 0
9.39999999999951 0 0
9.4099999999995 0 0
9.4199999999994 0 0
9.42999999999971 0 0
9.4399999999999 0 0
9.4499999999999 0 0
9.45999999999981 0 0
9.4700000000002 0 0
9.4800000000002 0 0
9.49000000000011 0 0
9.5000000000001 0 0
9.51000000000001 0 0
9.52 0 0
9.53 0 0
9.53999999999991 0 0
9.5499999999999 0 0
9.5599999999998 0 0
9.56999999999991 0 0
9.5799999999999 0 0
9.5899999999998 0 0
9.5999999999998 0 0
9.6099999999998 0 0
9.61999999999981 0 0
9.6299999999997 0 0
9.6399999999996 0 0
9.65000000000001 0 0
9.66 0 0
9.6699999999999 0 0
9.67999999999981 0 0
9.6900000000002 0 0
9.7000000000004 0 0
9.71000000000031 0 0
9.7200000000003 0 0
9.7300000000002 0 0
9.74000000000021 0 0
9.7500000000002 0 0
9.7600000000001 0 0
9.7700000000001 0 0
9.78 0 0
9.79000000000011 0 0
9.8000000000001 0 0
9.81 0 0
9.82000000000001 0 0
9.83 0 0
9.84 0 0
9.84999999999991 0 0
9.8599999999998 0 0
9.86999999999981 0 0
9.8799999999998 0 0
9.8899999999997 0 0
9.89999999999971 0 0
9.9099999999996 0 0
9.9200000000001 0 0
9.93000000000011 0 0
9.9400000000001 0 0
9.95 0 0
9.95999999999991 0 0
9.97 0 0
9.9799999999999 0 0
9.9899999999999 0 0
9.9999999999998 0 0
10.0099999999998 0 0
10.0199999999997 0 0
10.0299999999997 0 0
10.0399999999996 0 0
10.0499999999996 0 0
10.0599999999997 0 0
10.0699999999997 0 0
10.0799999999996 0 0
10.0899999999996 0 0
10.0999999999996 0 0
10.1099999999995 0 0
10.1199999999994 0 0
10.1299999999994 0 0
10.1399999999998 0 0
10.1499999999999 0 0
10.1599999999999 0 0
10.1700000000002 0 0
10.1800000000002 0 0
10.1900000000002 0 0
10.2000000000001 0 0
10.2100000000001 0 0
10.22 0 0
10.23 0 0
10.24 0 0
10.2499999999999 0 0
10.2599999999999 0 0
10.2699999999998 0 0
10.28 0 0
10.2899999999999 0 0
10.2999999999998 0 0
10.3099999999998 0 0
10.3199999999998 0 0
10.3299999999998 0 0
10.3399999999997 0 0
10.3499999999996 0 0
10.3599999999999 0 0
10.3699999999999 0 0
10.3799999999999 0 0
10.3899999999998 0 0
10.4000000000002 0 0
10.4100000000004 0 0
10.4200000000003 0 0
10.4300000000003 0 0
10.4400000000002 0 0
10.4500000000002 0 0
10.4600000000002 0 0
10.4700000000001 0 0
10.48 0 0
10.49 0 0
10.5000000000002 0 0
10.5100000000001 0 0
10.52 0 0
10.53 0 0
10.54 0 0
10.55 0 0
10.5599999999999 0 0
10.5699999999998 0 0
10.5799999999998 0 0
10.5899999999998 0 0
10.5999999999997 0 0
10.6099999999997 0 0
10.62 0 0
10.6300000000001 0 0
10.6400000000001 0 0
10.65 0 0
10.66 0 0
10.67 0 0
10.68 0 0
10.6899999999999 0 0
10.6999999999999 0 0
10.7099999999998 0 0
10.7199999999998 0 0
10.7299999999997 0 0
10.7399999999997 0 0
10.7499999999996 0 0
10.7599999999998 0 0
10.7699999999997 0 0
10.7799999999997 0 0
10.7899999999996 0 0
10.7999999999996 0 0
10.8099999999997 0 0
10.8199999999996 0 0
10.8299999999996 0 0
10.8399999999995 0 0
10.8499999999999 0 0
10.8599999999999 0 0
10.8699999999998 0 0
10.8799999999998 0 0
10.8900000000003 0 0
10.9000000000003 0 0
10.9100000000003 0 0
10.9200000000002 0 0
10.9300000000001 0 0
10.9400000000001 0 0
10.9500000000001 0 0
10.96 0 0
10.97 0 0
10.9800000000001 0 0
10.9900000000001 0 0
11.0000000000001 0 0
11.01 0 0
11.0199999999999 0 0
11.0299999999999 0 0
11.0399999999999 0 0
11.0499999999998 0 0
11.0599999999998 0 0
11.0699999999998 0 0
11.0799999999998 0 0
11.0899999999998 0 0
11.0999999999997 0 0
11.1100000000001 0 0
11.1200000000003 0 0
11.1300000000002 0 0
11.1400000000002 0 0
11.1500000000001 0 0
11.1600000000001 0 0
11.1700000000001 0 0
11.18 0 0
11.19 0 0
11.1999999999999 0 0
11.2099999999999 0 0
11.2199999999999 0 0
11.2299999999998 0 0
11.2399999999999 0 0
11.2499999999999 0 0
11.2599999999998 0 0
11.2699999999998 0 0
11.2799999999997 0 0
11.2899999999998 0 0
11.2999999999997 0 0
11.3099999999997 0 0
11.3199999999996 0 0
11.33 0 0
11.3400000000002 0 0
11.3500000000001 0 0
11.3600000000001 0 0
11.37 0 0
11.38 0 0
11.39 0 0
11.3999999999999 0 0
11.4099999999999 0 0
11.4199999999998 0 0
11.4299999999998 0 0
11.4399999999997 0 0
11.4499999999997 0 0
11.4599999999996 0 0
11.4699999999998 0 0
11.4799999999997 0 0
11.4899999999997 0 0
11.4999999999996 0 0
11.5099999999996 0 0
11.5199999999997 0 0
11.5299999999996 0 0
11.5399999999995 0 0
11.5499999999999 0 0
11.5599999999999 0 0
11.5699999999999 0 0
11.5799999999998 0 0
11.5900000000002 0 0
11.6000000000004 0 0
11.6100000000003 0 0
11.6200000000002 0 0
11.6300000000002 0 0
11.6400000000001 0 0
11.6500000000001 0 0
11.6600000000001 0 0
11.67 0 0
11.68 0 0
11.6900000000001 0 0
11.7000000000001 0 0
11.7100000000001 0 0
11.72 0 0
11.7299999999999 0 0
11.74 0 0
11.7499999999999 0 0
11.7599999999998 0 0
11.7699999999998 0 0
11.7799999999998 0 0
11.7899999999998 0 0
11.7999999999997 0 0
11.8099999999997 0 0
11.8200000000003 0 0
11.8300000000003 0 0
11.8400000000002 0 0
11.8500000000001 0 0
11.8600000000001 0 0
11.8700000000001 0 0
11.8800000000001 0 0
11.89 0 0
11.8999999999999 0 0
11.9099999999999 0 0
11.9199999999999 0 0
11.9299999999998 0 0
11.9399999999998 0 0
11.9499999999999 0 0
11.9599999999999 0 0
11.9699999999998 0 0
11.9799999999998 0 0
11.9899999999997 0 0
11.9999999999998 0 0
12.0099999999997 0 0
12.0199999999997 0 0
12.0299999999996 0 0
12.04 0 0
12.0500000000002 0 0
12.0600000000001 0 0
12.0700000000001 0 0
12.08 0 0
12.09 0 0
12.1 0 0
12.1099999999999 0 0
12.1199999999998 0 0
12.1299999999998 0 0
12.1399999999998 0 0
12.1499999999997 0 0
12.1599999999997 0 0
12.1699999999996 0 0
12.1799999999998 0 0
12.1899999999997 0 0
12.1999999999997 0 0
12.2099999999996 0 0
12.2199999999997 0 0
12.2299999999997 0 0
12.2399999999996 0 0
12.2499999999995 0 0
12.2599999999999 0 0
12.27 0 0
12.2799999999999 0 0
12.2899999999998 0 0
12.3000000000002 0 0
12.3100000000004 0 0
12.3200000000003 0 0
12.3300000000003 0 0
12.3400000000002 0 0
12.3500000000002 0 0
12.3600000000002 0 0
12.3700000000001 0 0
12.38 0 0
12.39 0 0
12.4000000000001 0 0
12.4100000000001 0 0
12.4200000000001 0 0
12.43 0 0
12.44 0 0
12.45 0 0
12.4599999999999 0 0
12.4699999999998 0 0
12.4799999999999 0 0
12.4899999999998 0 0
12.4999999999998 0 0
12.5099999999997 0 0
12.5200000000001 0 0
12.5300000000003 0 0
12.5400000000002 0 0
12.5500000000002 0 0
12.5600000000001 0 0
12.5700000000001 0 0
12.5800000000001 0 0
12.5900000000001 0 0
12.6 0 0
12.61 0 0
12.6199999999999 0 0
12.6299999999999 0 0
12.6399999999998 0 0
12.6499999999997 0 0
12.6599999999999 0 0
12.6699999999998 0 0
12.6799999999998 0 0
12.6899999999997 0 0
12.6999999999997 0 0
12.7099999999998 0 0
12.7199999999997 0 0
12.7299999999997 0 0
12.7399999999996 0 0
12.7500000000002 0 0
12.7600000000002 0 0
12.7700000000002 0 0
12.7800000000001 0 0
12.7900000000001 0 0
12.8000000000001 0 0
12.8100000000001 0 0
12.82 0 0
12.8299999999999 0 0
12.8399999999999 0 0
12.85 0 0
12.8599999999999 0 0
12.8699999999999 0 0
12.8799999999999 0 0
12.8899999999999 0 0
12.8999999999999 0 0
12.9099999999998 0 0
12.9199999999998 0 0
12.9299999999998 0 0
12.9399999999997 0 0
12.9499999999997 0 0
12.9599999999996 0 0
12.9699999999998 0 0
12.9799999999998 0 0
12.9899999999998 0 0
12.9999999999997 0 0
13.0100000000001 0 0
13.0200000000002 0 0
13.0300000000002 0 0
13.0400000000001 0 0
13.0500000000001 0 0
13.0600000000001 0 0
13.07 0 0
13.08 0 0
13.0899999999999 0 0
13.0999999999998 0 0
13.1099999999999 0 0
13.1199999999999 0 0
13.1299999999998 0 0
13.1399999999998 0 0
13.1499999999998 0 0
13.1599999999998 0 0
13.1699999999997 0 0
13.1799999999996 0 0
13.1899999999998 0 0
13.1999999999999 0 0
13.2099999999998 0 0
13.2199999999998 0 0
13.2300000000002 0 0
13.2400000000003 0 0
13.2500000000002 0 0
13.2600000000002 0 0
13.2700000000001 0 0
13.2800000000001 0 0
13.2900000000001 0 0
13.3 0 0
13.31 0 0
13.3199999999999 0 0
13.33 0 0
13.3399999999999 0 0
13.3499999999998 0 0
13.3599999999998 0 0
13.3699999999999 0 0
13.3799999999999 0 0
13.3899999999998 0 0
13.3999999999997 0 0
13.4099999999997 0 0
13.4199999999999 0 0
13.4299999999998 0 0
13.4399999999998 0 0
13.4500000000002 0 0
13.4600000000002 0 0
13.4700000000002 0 0
13.4800000000002 0 0
13.4900000000001 0 0
13.5000000000002 0 0
13.5100000000001 0 0
13.5200000000001 0 0
13.53 0 0
13.5399999999999 0 0
13.55 0 0
13.56 0 0
13.5699999999999 0 0
13.5799999999999 0 0
13.5899999999999 0 0
13.5999999999999 0 0
13.6099999999999 0 0
13.6199999999998 0 0
13.6299999999998 0 0
13.6399999999998 0 0
13.6499999999997 0 0
13.6599999999997 0 0
13.6699999999996 0 0
13.6799999999999 0 0
13.6899999999998 0 0
13.6999999999997 0 0
13.7100000000001 0 0
13.7200000000002 0 0
13.7300000000002 0 0
13.7400000000001 0 0
13.7500000000001 0 0
13.76 0 0
13.77 0 0
13.78 0 0
13.7899999999999 0 0
13.7999999999999 0 0
13.8099999999999 0 0
13.8199999999999 0 0
13.8299999999999 0 0
13.8399999999998 0 0
13.8499999999998 0 0
13.8599999999998 0 0
13.8699999999998 0 0
13.8799999999997 0 0
13.8899999999997 0 0
13.8999999999999 0 0
13.9099999999999 0 0
13.9199999999998 0 0
13.9299999999998 0 0
13.9400000000002 0 0
13.9500000000003 0 0
13.9600000000002 0 0
13.9700000000002 0 0
13.9800000000001 0 0
13.9900000000001 0 0
14.0000000000001 0 0
14.01 0 0
14.02 0 0
14.0299999999999 0 0
14.0399999999999 0 0
14.0499999999999 0 0
14.0599999999998 0 0
14.0699999999998 0 0
14.0799999999999 0 0
14.0899999999999 0 0
14.0999999999998 0 0
14.1099999999997 0 0
14.1199999999999 0 0
14.1299999999999 0 0
14.1399999999998 0 0
14.1499999999998 0 0
14.1600000000002 0 0
14.1700000000003 0 0
14.1800000000002 0 0
14.1900000000002 0 0
14.2000000000001 0 0
14.2100000000001 0 0
14.2200000000001 0 0
14.2300000000001 0 0
14.24 0 0
14.2499999999999 0 0
14.26 0 0
14.27 0 0
14.2799999999999 0 0
14.2899999999999 0 0
14.3 0 0
14.3099999999999 0 0
14.3199999999999 0 0
14.3299999999998 0 0
14.3399999999998 0 0
14.3499999999998 0 0
14.3599999999997 0 0
14.3699999999997 0 0
14.3799999999996 0 0
14.3899999999999 0 0
14.3999999999998 0 0
14.4099999999997 0 0
14.4200000000001 0 0
14.4300000000002 0 0
14.4400000000002 0 0
14.4500000000001 0 0
14.4600000000001 0 0
14.47 0 0
14.48 0 0
14.49 0 0
14.4999999999999 0 0
14.5099999999999 0 0
14.5199999999999 0 0
14.5299999999999 0 0
14.5399999999999 0 0
14.5499999999998 0 0
14.5599999999999 0 0
14.5699999999998 0 0
14.5799999999998 0 0
14.5899999999997 0 0
14.5999999999997 0 0
14.6099999999999 0 0
14.6199999999999 0 0
14.6299999999998 0 0
14.6399999999998 0 0
14.6500000000003 0 0
14.6600000000003 0 0
14.6700000000002 0 0
14.6800000000002 0 0
14.6900000000001 0 0
14.7000000000001 0 0
14.7100000000001 0 0
14.72 0 0
14.73 0 0
14.74 0 0
14.75 0 0
14.7599999999999 0 0
14.7699999999999 0 0
14.7799999999999 0 0
14.7899999999999 0 0
14.7999999999999 0 0
14.8099999999998 0 0
14.8199999999997 0 0
14.8299999999999 0 0
14.8399999999999 0 0
14.8499999999998 0 0
14.8599999999998 0 0
14.8700000000001 0 0
14.8800000000002 0 0
14.8900000000002 0 0
14.9000000000001 0 0
14.9100000000001 0 0
14.9200000000002 0 0
14.9300000000001 0 0
14.94 0 0
14.95 0 0
14.9599999999998 0 0
14.9699999999998 0 0
14.9799999999998 0 0
14.9899999999997 0 0
14.9999999999997 0 0
15.0099999999998 0 0
15.0199999999998 0 0
15.0299999999997 0 0
15.0399999999997 0 0
15.0499999999996 0 0
15.0599999999996 0 0
15.0699999999996 0 0
15.0799999999995 0 0
15.0899999999998 0 0
15.0999999999999 0 0
15.1099999999999 0 0
15.1199999999998 0 0
15.1300000000002 0 0
15.1400000000003 0 0
15.1500000000002 0 0
15.1600000000002 0 0
15.1700000000001 0 0
15.18 0 0
15.19 0 0
15.2 0 0
15.2099999999999 0 0
15.2199999999999 0 0
15.23 0 0
15.24 0 0
15.2499999999999 0 0
15.2599999999998 0 0
15.2699999999998 0 0
15.2799999999999 0 0
15.2899999999998 0 0
15.2999999999997 0 0
15.31 0 0
15.32 0 0
15.3299999999999 0 0
15.3399999999999 0 0
15.3500000000003 0 0
15.3600000000004 0 0
15.3700000000004 0 0
15.3800000000003 0 0
15.3900000000003 0 0
15.4000000000002 0 0
15.4100000000002 0 0
15.4200000000002 0 0
15.4300000000001 0 0
15.4400000000001 0 0
15.4500000000002 0 0
15.4600000000002 0 0
15.4700000000001 0 0
15.48 0 0
15.49 0 0
15.5 0 0
15.51 0 0
15.5199999999999 0 0
15.5299999999999 0 0
15.5399999999999 0 0
15.5499999999998 0 0
15.5599999999998 0 0
15.5699999999997 0 0
15.58 0 0
15.5900000000002 0 0
15.6000000000001 0 0
15.6100000000001 0 0
15.62 0 0
15.6300000000001 0 0
15.64 0 0
15.6499999999999 0 0
15.6599999999999 0 0
15.6699999999999 0 0
15.6799999999998 0 0
15.6899999999998 0 0
15.6999999999997 0 0
15.7099999999997 0 0
15.7199999999998 0 0
15.7299999999998 0 0
15.7399999999997 0 0
15.7499999999997 0 0
15.7599999999996 0 0
15.7699999999996 0 0
15.7799999999996 0 0
15.7899999999995 0 0
15.7999999999998 0 0
15.8099999999999 0 0
15.8199999999998 0 0
15.8299999999998 0 0
15.8400000000002 0 0
15.8500000000002 0 0
15.8600000000002 0 0
15.8700000000001 0 0
15.8800000000001 0 0
15.8900000000001 0 0
15.9 0 0
15.91 0 0
15.9199999999999 0 0
15.9299999999999 0 0
15.94 0 0
15.9499999999999 0 0
15.9599999999999 0 0
15.9699999999998 0 0
15.9799999999999 0 0
15.9899999999999 0 0
15.9999999999998 0 0
16.0099999999997 0 0
16.02 0 0
16.03 0 0
16.0399999999999 0 0
16.0499999999999 0 0
16.0600000000003 0 0
16.0700000000004 0 0
16.0800000000004 0 0
16.0900000000003 0 0
16.1000000000003 0 0
16.1100000000003 0 0
16.1200000000002 0 0
16.1300000000002 0 0
16.1400000000001 0 0
16.1500000000001 0 0
16.1600000000002 0 0
16.1700000000002 0 0
16.1800000000001 0 0
16.1900000000001 0 0
16.2000000000001 0 0
16.21 0 0
16.22 0 0
16.2299999999999 0 0
16.2399999999999 0 0
16.2499999999999 0 0
16.2599999999998 0 0
16.2699999999998 0 0
16.2800000000001 0 0
16.2900000000001 0 0
16.3000000000001 0 0
16.3100000000001 0 0
16.32 0 0
16.33 0 0
16.34 0 0
16.35 0 0
16.3599999999999 0 0
16.3699999999999 0 0
16.3799999999999 0 0
16.3899999999998 0 0
16.3999999999997 0 0
16.4099999999997 0 0
16.4199999999998 0 0
16.4299999999998 0 0
16.4399999999997 0 0
16.4499999999997 0 0
16.4599999999997 0 0
16.4699999999997 0 0
16.4799999999996 0 0
16.4899999999996 0 0
16.4999999999995 0 0
16.5099999999999 0 0
16.5199999999999 0 0
16.5299999999999 0 0
16.5399999999999 0 0
16.5500000000004 0 0
16.5600000000004 0 0
16.5700000000003 0 0
16.5800000000003 0 0
16.5900000000002 0 0
16.6000000000002 0 0
16.6100000000002 0 0
16.6200000000001 0 0
16.6300000000001 0 0
16.64 0 0
16.6500000000002 0 0
16.6600000000002 0 0
16.6700000000001 0 0
16.6800000000001 0 0
16.69 0 0
16.7 0 0
16.7099999999999 0 0
16.7199999999999 0 0
16.7299999999999 0 0
16.7399999999998 0 0
16.7499999999998 0 0
16.7599999999997 0 0
16.7700000000001 0 0
16.7800000000003 0 0
16.7900000000003 0 0
16.8000000000002 0 0
16.8100000000002 0 0
16.8200000000001 0 0
16.8300000000001 0 0
16.8400000000001 0 0
16.85 0 0
16.86 0 0
16.87 0 0
16.8799999999999 0 0
16.8899999999999 0 0
16.8999999999998 0 0
16.91 0 0
16.9199999999999 0 0
16.9299999999999 0 0
16.9399999999998 0 0
16.9499999999997 0 0
16.9599999999998 0 0
16.9699999999997 0 0
16.9799999999996 0 0
16.99 0 0
17.0000000000003 0 0
17.0100000000002 0 0
17.0200000000002 0 0
17.0300000000001 0 0
17.04 0 0
17.05 0 0
17.06 0 0
17.0699999999999 0 0
17.0799999999999 0 0
17.0899999999998 0 0
17.0999999999998 0 0
17.1099999999997 0 0
17.1199999999997 0 0
17.1299999999999 0 0
17.1399999999998 0 0
17.1499999999998 0 0
17.1599999999997 0 0
17.1699999999997 0 0
17.1799999999997 0 0
17.1899999999996 0 0
17.1999999999996 0 0
17.2099999999999 0 0
17.2199999999999 0 0
17.2299999999999 0 0
17.2399999999999 0 0
17.2500000000003 0 0
17.2600000000004 0 0
17.2700000000004 0 0
17.2800000000003 0 0
17.2900000000003 0 0
17.3000000000002 0 0
17.3100000000002 0 0
17.3200000000002 0 0
17.3300000000001 0 0
17.3400000000001 0 0
17.3500000000002 0 0
17.3600000000002 0 0
17.3700000000002 0 0
17.3800000000001 0 0
17.39 0 0
17.4000000000001 0 0
17.41 0 0
17.4199999999999 0 0
17.4299999999999 0 0
17.4399999999999 0 0
17.4499999999998 0 0
17.4599999999998 0 0
17.4699999999997 0 0
17.4800000000001 0 0
17.4900000000003 0 0
17.5000000000003 0 0
17.5100000000002 0 0
17.5200000000002 0 0
17.5300000000002 0 0
17.5400000000001 0 0
17.5500000000001 0 0
17.56 0 0
17.5699999999999 0 0
17.58 0 0
17.5899999999999 0 0
17.5999999999999 0 0
17.61 0 0
17.62 0 0
17.6299999999999 0 0
17.6399999999999 0 0
17.6499999999998 0 0
17.6599999999998 0 0
17.6699999999998 0 0
17.6799999999997 0 0
17.6899999999996 0 0
17.7 0 0
17.7100000000003 0 0
17.7200000000002 0 0
17.7300000000001 0 0
17.7400000000001 0 0
17.75 0 0
17.76 0 0
17.77 0 0
17.7799999999999 0 0
17.7899999999999 0 0
17.7999999999998 0 0
17.8099999999998 0 0
17.8199999999997 0 0
17.8299999999997 0 0
17.8399999999999 0 0
17.8499999999998 0 0
17.8599999999998 0 0
17.8699999999997 0 0
17.8799999999997 0 0
17.8899999999997 0 0
17.8999999999996 0 0
17.9099999999996 0 0
17.92 0 0
17.93 0 0
17.9399999999999 0 0
17.9499999999999 0 0
17.9600000000002 0 0
17.9700000000004 0 0
17.9800000000004 0 0
17.9900000000003 0 0
18.0000000000003 0 0
18.0100000000002 0 0
18.0200000000002 0 0
18.0300000000002 0 0
18.0400000000001 0 0
18.0500000000001 0 0
18.0600000000002 0 0
18.0700000000002 0 0
18.0800000000002 0 0
18.0900000000001 0 0
18.1000000000001 0 0
18.1100000000001 0 0
18.12 0 0
18.13 0 0
18.1399999999999 0 0
18.1499999999999 0 0
18.1599999999998 0 0
18.1699999999998 0 0
18.1800000000001 0 0
18.1900000000003 0 0
18.2000000000003 0 0
18.2100000000002 0 0
18.2200000000002 0 0
18.2300000000001 0 0
18.2400000000002 0 0
18.2500000000001 0 0
18.2600000000001 0 0
18.27 0 0
18.28 0 0
18.29 0 0
18.2999999999999 0 0
18.3099999999999 0 0
18.32 0 0
18.33 0 0
18.34 0 0
18.3499999999999 0 0
18.3599999999999 0 0
18.3699999999999 0 0
18.3799999999998 0 0
18.3899999999998 0 0
18.3999999999997 0 0
18.4100000000001 0 0
18.4200000000002 0 0
18.4300000000001 0 0
18.4400000000001 0 0
18.45 0 0
18.46 0 0
18.4699999999999 0 0
18.4799999999999 0 0
18.4899999999998 0 0
18.4999999999998 0 0
18.5099999999998 0 0
18.5199999999998 0 0
18.5299999999997 0 0
18.5399999999997 0 0
18.5499999999999 0 0
18.5599999999999 0 0
18.5699999999998 0 0
18.5799999999997 0 0
18.5899999999997 0 0
18.5999999999997 0 0
18.6099999999996 0 0
18.6199999999996 0 0
18.63 0 0
18.64 0 0
18.6499999999999 0 0
18.6599999999999 0 0
18.6700000000003 0 0
18.6800000000005 0 0
18.6900000000004 0 0
18.7000000000004 0 0
18.7100000000003 0 0
18.7200000000003 0 0
18.7300000000003 0 0
18.7400000000002 0 0
18.7500000000002 0 0
18.7600000000001 0 0
18.7700000000002 0 0
18.7800000000001 0 0
18.7900000000001 0 0
18.8 0 0
18.81 0 0
18.8199999999999 0 0
18.8299999999998 0 0
18.8399999999998 0 0
18.8499999999997 0 0
18.8599999999999 0 0
18.8699999999999 0 0
18.8799999999998 0 0
18.8900000000002 0 0
18.9000000000004 0 0
18.9100000000003 0 0
18.9200000000003 0 0
18.9300000000002 0 0
18.9400000000002 0 0
18.9500000000002 0 0
18.9600000000001 0 0
18.9700000000001 0 0
18.98 0 0
18.99 0 0
19 0 0
19.0099999999999 0 0
19.0199999999999 0 0
19.03 0 0
19.04 0 0
19.0499999999999 0 0
19.0599999999999 0 0
19.0699999999998 0 0
19.0799999999999 0 0
19.0899999999999 0 0
19.0999999999998 0 0
19.1100000000002 0 0
19.1200000000002 0 0
19.1300000000002 0 0
19.1400000000002 0 0
19.1500000000001 0 0
19.1600000000002 0 0
19.1700000000002 0 0
19.1800000000001 0 0
19.1900000000001 0 0
19.2 0 0
19.2100000000001 0 0
19.22 0 0
19.23 0 0
19.2399999999999 0 0
19.25 0 0
19.2600000000001 0 0
19.27 0 0
19.2799999999999 0 0
19.2899999999999 0 0
19.2999999999999 0 0
19.3099999999998 0 0
19.3199999999998 0 0
19.3299999999997 0 0
19.3399999999998 0 0
19.3499999999998 0 0
19.3599999999998 0 0
19.3699999999998 0 0
19.3800000000001 0 0
19.3900000000003 0 0
19.4000000000002 0 0
19.4100000000002 0 0
19.4200000000001 0 0
19.4300000000001 0 0
19.4400000000001 0 0
19.45 0 0
19.46 0 0
19.4699999999999 0 0
19.48 0 0
19.4899999999999 0 0
19.4999999999999 0 0
19.51 0 0
19.5199999999999 0 0
19.5299999999999 0 0
19.5399999999998 0 0
19.5499999999998 0 0
19.5599999999999 0 0
19.5699999999999 0 0
19.5799999999999 0 0
19.5899999999998 0 0
19.6000000000002 0 0
19.6100000000004 0 0
19.6200000000003 0 0
19.6300000000003 0 0
19.6400000000002 0 0
19.6500000000002 0 0
19.6600000000002 0 0
19.6700000000001 0 0
19.6800000000001 0 0
19.69 0 0
19.7 0 0
19.71 0 0
19.7199999999999 0 0
19.7299999999999 0 0
19.74 0 0
19.75 0 0
19.7599999999999 0 0
19.7699999999999 0 0
19.7799999999998 0 0
19.7899999999999 0 0
19.7999999999999 0 0
19.8099999999998 0 0
19.8200000000002 0 0
19.8300000000002 0 0
19.8400000000002 0 0
19.8500000000002 0 0
19.8600000000001 0 0
19.8700000000002 0 0
19.8800000000002 0 0
19.8900000000001 0 0
19.9000000000001 0 0
19.91 0 0
19.9200000000001 0 0
19.93 0 0
19.94 0 0
19.9499999999999 0 0
19.9600000000001 0 0
19.9700000000001 0 0
19.98 0 0
19.9899999999999 0 0
19.9999999999999 0 0
20.0099999999999 0 0
20.0199999999998 0 0
20.0299999999998 0 0
20.0399999999997 0 0
20.0499999999999 0 0
20.0599999999998 0 0
20.0699999999998 0 0
20.0800000000002 0 0
20.0900000000003 0 0
20.1000000000003 0 0
20.1100000000002 0 0
20.1200000000002 0 0
20.1300000000001 0 0
20.1400000000001 0 0
20.1500000000001 0 0
20.16 0 0
20.17 0 0
20.18 0 0
20.19 0 0
20.1999999999999 0 0
20.2099999999999 0 0
20.22 0 0
20.2299999999999 0 0
20.2399999999999 0 0
20.2499999999998 0 0
20.2599999999998 0 0
20.2699999999999 0 0
20.28 0 0
20.2899999999999 0 0
20.2999999999999 0 0
20.3100000000003 0 0
20.3200000000004 0 0
20.3300000000004 0 0
20.3400000000003 0 0
20.3500000000003 0 0
20.3600000000003 0 0
20.3700000000003 0 0
20.3800000000002 0 0
20.3900000000001 0 0
20.4000000000001 0 0
20.4100000000003 0 0
20.4200000000002 0 0
20.4300000000001 0 0
20.4400000000001 0 0
20.4500000000002 0 0
20.4600000000001 0 0
20.4700000000001 0 0
20.48 0 0
20.49 0 0
20.5 0 0
20.5099999999999 0 0
20.5199999999999 0 0
20.5300000000001 0 0
20.5400000000002 0 0
20.5500000000001 0 0
20.5600000000001 0 0
20.57 0 0
20.5800000000001 0 0
20.5900000000001 0 0
20.6 0 0
20.6099999999999 0 0
20.6199999999999 0 0
20.6299999999999 0 0
20.6399999999998 0 0
20.6499999999998 0 0
20.6599999999997 0 0
20.6699999999999 0 0
20.6799999999998 0 0
20.6899999999998 0 0
20.6999999999997 0 0
20.7099999999997 0 0
20.7199999999997 0 0
20.7299999999997 0 0
20.7399999999996 0 0
20.7499999999996 0 0
20.76 0 0
20.7699999999999 0 0
20.7799999999998 0 0
20.7900000000002 0 0
20.8000000000003 0 0
20.8100000000003 0 0
20.8200000000002 0 0
20.8300000000002 0 0
20.8400000000001 0 0
20.8500000000001 0 0
20.8600000000001 0 0
20.87 0 0
20.88 0 0
20.89 0 0
20.9 0 0
20.91 0 0
20.9199999999999 0 0
20.9299999999999 0 0
20.94 0 0
20.9499999999999 0 0
20.9599999999998 0 0
20.9699999999998 0 0
20.98 0 0
20.99 0 0
20.9999999999999 0 0
21.0100000000003 0 0
21.0200000000004 0 0
21.0300000000004 0 0
21.0400000000004 0 0
21.0500000000003 0 0
21.0600000000003 0 0
21.0700000000003 0 0
21.0800000000002 0 0
21.0900000000002 0 0
21.1000000000001 0 0
21.1100000000002 0 0
21.1200000000002 0 0
21.1300000000002 0 0
21.1400000000001 0 0
21.1500000000002 0 0
21.1600000000002 0 0
21.1700000000001 0 0
21.1800000000001 0 0
21.19 0 0
21.2 0 0
21.21 0 0
21.2199999999999 0 0
21.2299999999999 0 0
21.2400000000001 0 0
21.2500000000002 0 0
21.2600000000001 0 0
21.2700000000001 0 0
21.28 0 0
21.2900000000001 0 0
21.3000000000001 0 0
21.31 0 0
21.3199999999999 0 0
21.3299999999999 0 0
21.3399999999999 0 0
21.3499999999998 0 0
21.3599999999998 0 0
21.3699999999997 0 0
21.3799999999999 0 0
21.3899999999998 0 0
21.3999999999998 0 0
21.4099999999998 0 0
21.4199999999997 0 0
21.4299999999997 0 0
21.4399999999997 0 0
21.4499999999996 0 0
21.4599999999998 0 0
21.4699999999999 0 0
21.4799999999999 0 0
21.4899999999998 0 0
21.5000000000002 0 0
21.5100000000003 0 0
21.5200000000003 0 0
21.5300000000002 0 0
21.5400000000002 0 0
21.5500000000001 0 0
21.5600000000001 0 0
21.5700000000001 0 0
21.58 0 0
21.59 0 0
21.6 0 0
21.61 0 0
21.6199999999999 0 0
21.6299999999999 0 0
21.64 0 0
21.6499999999999 0 0
21.6599999999999 0 0
21.6699999999998 0 0
21.68 0 0
21.69 0 0
21.7 0 0
21.7099999999999 0 0
21.7200000000003 0 0
21.7300000000004 0 0
21.7400000000004 0 0
21.7500000000003 0 0
21.7600000000003 0 0
21.7700000000003 0 0
21.7800000000003 0 0
21.7900000000002 0 0
21.8000000000002 0 0
21.8100000000001 0 0
21.8200000000003 0 0
21.8300000000002 0 0
21.8400000000002 0 0
21.8500000000001 0 0
21.8600000000002 0 0
21.8700000000002 0 0
21.8800000000001 0 0
21.8900000000001 0 0
21.9 0 0
21.91 0 0
21.92 0 0
21.9299999999999 0 0
21.9399999999999 0 0
21.9500000000002 0 0
21.9600000000001 0 0
21.9700000000001 0 0
21.98 0 0
21.9900000000001 0 0
22.0000000000001 0 0
22.01 0 0
22.02 0 0
22.0299999999999 0 0
22.0399999999999 0 0
22.0499999999999 0 0
22.0599999999998 0 0
22.0699999999998 0 0
22.0799999999997 0 0
22.0899999999999 0 0
22.0999999999998 0 0
22.1099999999998 0 0
22.1199999999998 0 0
22.1299999999998 0 0
22.1399999999997 0 0
22.1499999999996 0 0
22.1599999999996 0 0
22.17 0 0
22.18 0 0
22.1899999999999 0 0
22.1999999999998 0 0
22.2100000000003 0 0
22.2200000000004 0 0
22.2300000000004 0 0
22.2400000000003 0 0
22.2500000000003 0 0
22.2600000000003 0 0
22.2700000000002 0 0
22.2800000000002 0 0
22.2900000000001 0 0
22.3000000000001 0 0
22.3100000000003 0 0
22.3200000000002 0 0
22.3300000000002 0 0
22.3400000000001 0 0
22.3500000000001 0 0
22.3600000000001 0 0
22.37 0 0
22.38 0 0
22.3899999999999 0 0
22.3999999999999 0 0
22.4099999999999 0 0
22.4199999999998 0 0
22.4300000000002 0 0
22.4400000000004 0 0
22.4500000000003 0 0
22.4600000000003 0 0
22.4700000000002 0 0
22.4800000000002 0 0
22.4900000000002 0 0
22.5000000000001 0 0
22.5100000000001 0 0
22.52 0 0
22.53 0 0
22.54 0 0
22.5499999999999 0 0
22.5599999999999 0 0
22.5700000000001 0 0
22.58 0 0
22.59 0 0
22.5999999999999 0 0
22.6099999999999 0 0
22.6199999999999 0 0
22.6299999999998 0 0
22.6399999999998 0 0
22.6500000000001 0 0
22.6600000000002 0 0
22.6700000000002 0 0
22.6800000000002 0 0
22.6900000000001 0 0
22.7000000000001 0 0
22.7100000000001 0 0
22.72 0 0
22.73 0 0
22.7399999999999 0 0
22.7499999999999 0 0
22.7599999999999 0 0
22.7699999999998 0 0
22.7799999999998 0 0
22.79 0 0
22.7999999999999 0 0
22.8099999999998 0 0
22.8199999999998 0 0
22.8299999999998 0 0
22.8399999999998 0 0
22.8499999999998 0 0
22.8599999999997 0 0
22.8699999999996 0 0
22.88 0 0
22.89 0 0
22.8999999999999 0 0
22.9100000000003 0 0
22.9200000000004 0 0
22.9300000000004 0 0
22.9400000000004 0 0
22.9500000000003 0 0
22.9600000000003 0 0
22.9700000000003 0 0
22.9800000000002 0 0
22.9900000000002 0 0
23.0000000000001 0 0
23.0100000000003 0 0
23.0200000000003 0 0
23.0300000000002 0 0
23.0400000000002 0 0
23.0500000000002 0 0
23.0600000000002 0 0
23.0700000000001 0 0
23.0800000000001 0 0
23.09 0 0
23.1 0 0
23.1099999999999 0 0
23.1199999999999 0 0
23.1299999999998 0 0
23.1400000000002 0 0
23.1500000000004 0 0
23.1600000000003 0 0
23.1700000000002 0 0
23.1800000000002 0 0
23.1900000000002 0 0
23.2000000000002 0 0
23.2100000000001 0 0
23.2200000000001 0 0
23.23 0 0
23.24 0 0
23.25 0 0
23.2599999999999 0 0
23.2699999999999 0 0
23.2800000000001 0 0
23.29 0 0
23.3 0 0
23.3099999999999 0 0
23.3199999999999 0 0
23.3299999999999 0 0
23.3399999999998 0 0
23.3499999999998 0 0
23.3600000000001 0 0
23.3700000000003 0 0
23.3800000000002 0 0
23.3900000000002 0 0
23.4000000000001 0 0
23.4100000000001 0 0
23.4200000000001 0 0
23.43 0 0
23.44 0 0
23.4499999999999 0 0
23.4599999999999 0 0
23.4699999999999 0 0
23.4799999999998 0 0
23.4899999999998 0 0
23.4999999999999 0 0
23.5099999999999 0 0
23.5199999999998 0 0
23.5299999999998 0 0
23.5399999999998 0 0
23.5499999999998 0 0
23.5599999999997 0 0
23.5699999999997 0 0
23.5799999999997 0 0
23.59 0 0
23.5999999999999 0 0
23.6099999999999 0 0
23.6200000000003 0 0
23.6300000000005 0 0
23.6400000000004 0 0
23.6500000000004 0 0
23.6600000000003 0 0
23.6700000000003 0 0
23.6800000000003 0 0
23.6900000000002 0 0
23.7000000000002 0 0
23.7100000000001 0 0
23.7200000000003 0 0
23.7300000000003 0 0
23.7400000000002 0 0
23.7500000000002 0 0
23.7600000000002 0 0
23.7700000000002 0 0
23.7800000000001 0 0
23.7900000000001 0 0
23.8 0 0
23.81 0 0
23.8199999999999 0 0
23.8299999999999 0 0
23.8399999999998 0 0
23.8500000000002 0 0
23.8600000000003 0 0
23.8700000000003 0 0
23.8800000000002 0 0
23.8900000000002 0 0
23.9000000000002 0 0
23.9100000000002 0 0
23.9200000000001 0 0
23.9300000000001 0 0
23.94 0 0
23.95 0 0
23.96 0 0
23.9699999999999 0 0
23.9800000000001 0 0
23.99 0 0
24 0 0
24.0099999999999 0 0
24.0199999999999 0 0
24.0299999999999 0 0
24.0399999999999 0 0
24.0499999999998 0 0
24.0599999999998 0 0
24.0700000000001 0 0
24.0800000000003 0 0
24.0900000000002 0 0
24.1000000000002 0 0
24.1100000000001 0 0
24.1200000000002 0 0
24.1300000000001 0 0
24.1400000000001 0 0
24.15 0 0
24.16 0 0
24.1699999999999 0 0
24.1799999999999 0 0
24.1899999999998 0 0
24.1999999999998 0 0
24.21 0 0
24.2199999999999 0 0
24.2299999999998 0 0
24.2399999999998 0 0
24.2499999999998 0 0
24.2599999999998 0 0
24.2699999999997 0 0
24.2799999999997 0 0
24.2899999999999 0 0
24.2999999999999 0 0
24.3099999999998 0 0
24.3199999999998 0 0
24.3300000000001 0 0
24.3400000000004 0 0
24.3500000000003 0 0
24.3600000000002 0 0
24.3700000000002 0 0
24.3800000000001 0 0
24.3900000000002 0 0
24.4000000000001 0 0
24.4100000000001 0 0
24.42 0 0
24.4300000000001 0 0
24.44 0 0
24.4499999999999 0 0
24.4599999999999 0 0
24.47 0 0
24.48 0 0
24.4899999999999 0 0
24.4999999999999 0 0
24.5099999999999 0 0
24.5199999999999 0 0
24.5299999999999 0 0
24.5399999999998 0 0
24.5499999999998 0 0
24.5600000000004 0 0
24.5700000000004 0 0
24.5800000000003 0 0
24.5900000000003 0 0
24.6000000000002 0 0
24.6100000000003 0 0
24.6200000000002 0 0
24.6300000000001 0 0
24.6400000000001 0 0
24.6500000000001 0 0
24.66 0 0
24.67 0 0
24.6799999999999 0 0
24.6900000000001 0 0
24.7000000000001 0 0
24.71 0 0
24.72 0 0
24.7299999999999 0 0
24.74 0 0
24.7499999999999 0 0
24.7599999999999 0 0
24.7700000000002 0 0
24.7800000000003 0 0
24.7900000000003 0 0
24.8000000000002 0 0
24.8100000000001 0 0
24.8200000000003 0 0
24.8300000000003 0 0
24.8400000000002 0 0
24.8500000000001 0 0
24.8600000000001 0 0
24.8700000000001 0 0
24.8800000000001 0 0
24.89 0 0
24.9 0 0
24.9099999999999 0 0
24.9200000000002 0 0
24.9300000000001 0 0
24.94 0 0
24.95 0 0
24.96 0 0
24.97 0 0
24.9799999999999 0 0
24.9899999999998 0 0
24.9999999999999 0 0
25.0099999999999 0 0
25.0199999999998 0 0
25.0299999999998 0 0
25.0400000000002 0 0
25.0500000000004 0 0
25.0600000000003 0 0
25.0700000000003 0 0
25.0800000000002 0 0
25.0900000000002 0 0
25.1000000000002 0 0
25.1100000000001 0 0
25.1200000000001 0 0
25.13 0 0
25.1400000000001 0 0
25.15 0 0
25.1599999999999 0 0
25.1699999999999 0 0
25.18 0 0
25.19 0 0
25.1999999999999 0 0
25.2099999999999 0 0
25.2199999999999 0 0
25.2299999999999 0 0
25.2399999999999 0 0
25.2499999999998 0 0
25.2600000000002 0 0
25.2700000000004 0 0
25.2800000000004 0 0
25.2900000000003 0 0
25.3000000000003 0 0
25.3100000000002 0 0
25.3200000000002 0 0
25.3300000000002 0 0
25.3400000000001 0 0
25.3500000000001 0 0
25.3600000000001 0 0
25.37 0 0
25.38 0 0
25.3899999999999 0 0
25.4000000000001 0 0
25.4100000000001 0 0
25.42 0 0
25.43 0 0
25.4399999999999 0 0
25.45 0 0
25.4599999999999 0 0
25.4699999999999 0 0
25.4800000000003 0 0
25.4900000000002 0 0
25.5000000000003 0 0
25.5100000000002 0 0
25.5200000000002 0 0
25.5300000000003 0 0
25.5400000000003 0 0
25.5500000000002 0 0
25.5600000000002 0 0
25.5700000000001 0 0
25.5800000000001 0 0
25.5900000000001 0 0
25.6 0 0
25.61 0 0
25.6200000000002 0 0
25.6300000000002 0 0
25.6400000000001 0 0
25.6500000000001 0 0
25.66 0 0
25.67 0 0
25.6799999999999 0 0
25.6899999999999 0 0
25.6999999999998 0 0
25.7099999999999 0 0
25.7199999999999 0 0
25.7299999999998 0 0
25.7399999999997 0 0
25.7500000000003 0 0
25.7600000000004 0 0
25.7700000000003 0 0
25.7800000000003 0 0
25.7900000000002 0 0
25.8000000000002 0 0
25.8100000000002 0 0
25.8200000000001 0 0
25.8300000000001 0 0
25.8400000000001 0 0
25.8500000000001 0 0
25.86 0 0
25.87 0 0
25.8800000000001 0 0
25.8900000000001 0 0
25.9000000000001 0 0
25.91 0 0
25.9199999999999 0 0
25.9300000000001 0 0
25.94 0 0
25.95 0 0
25.9599999999999 0 0
25.9700000000003 0 0
25.9800000000004 0 0
25.9900000000004 0 0
26.0000000000003 0 0
26.0100000000004 0 0
26.0200000000003 0 0
26.0300000000003 0 0
26.0400000000003 0 0
26.0500000000002 0 0
26.0600000000002 0 0
26.0700000000003 0 0
26.0800000000002 0 0
26.0900000000002 0 0
26.1000000000001 0 0
26.1100000000003 0 0
26.1200000000002 0 0
26.1300000000002 0 0
26.1400000000001 0 0
26.1500000000001 0 0
26.1600000000001 0 0
26.17 0 0
26.18 0 0
26.1900000000001 0 0
26.2000000000002 0 0
26.2100000000001 0 0
26.2200000000001 0 0
26.23 0 0
26.2400000000002 0 0
26.2500000000001 0 0
26.2600000000001 0 0
26.27 0 0
26.28 0 0
26.29 0 0
26.2999999999999 0 0
26.3099999999999 0 0
26.3199999999998 0 0
26.3299999999999 0 0
26.3399999999999 0 0
26.3499999999998 0 0
26.3599999999998 0 0
26.3699999999999 0 0
26.3799999999998 0 0
26.3899999999998 0 0
26.3999999999997 0 0
26.4099999999997 0 0
26.4199999999999 0 0
26.4299999999999 0 0
26.4399999999998 0 0
26.4500000000002 0 0
26.4600000000004 0 0
26.4700000000003 0 0
26.4800000000003 0 0
26.4900000000002 0 0
26.5000000000002 0 0
26.5100000000002 0 0
26.5200000000001 0 0
26.5300000000001 0 0
26.54 0 0
26.5500000000001 0 0
26.5600000000001 0 0
26.57 0 0
26.58 0 0
26.59 0 0
26.6000000000001 0 0
26.61 0 0
26.62 0 0
26.6299999999999 0 0
26.6400000000001 0 0
26.65 0 0
26.66 0 0
26.6699999999999 0 0
26.6800000000004 0 0
26.6900000000004 0 0
26.7000000000004 0 0
26.7100000000003 0 0
26.7200000000004 0 0
26.7300000000004 0 0
26.7400000000003 0 0
26.7500000000003 0 0
26.7600000000002 0 0
26.7700000000002 0 0
26.7800000000003 0 0
26.7900000000002 0 0
26.8000000000002 0 0
26.8100000000003 0 0
26.8200000000003 0 0
26.8300000000002 0 0
26.8400000000002 0 0
26.8500000000001 0 0
26.8600000000001 0 0
26.8700000000001 0 0
26.88 0 0
26.89 0 0
26.9000000000001 0 0
26.9100000000002 0 0
26.9200000000001 0 0
26.9300000000001 0 0
26.94 0 0
26.9500000000002 0 0
26.9600000000001 0 0
26.9700000000001 0 0
26.98 0 0
26.99 0 0
27 0 0
27.0099999999999 0 0
27.0199999999999 0 0
27.0299999999998 0 0
27.0399999999999 0 0
27.0499999999999 0 0
27.0599999999998 0 0
27.0699999999998 0 0
27.0799999999999 0 0
27.0899999999998 0 0
27.0999999999998 0 0
27.1099999999997 0 0
27.1199999999998 0 0
27.13 0 0
27.1399999999999 0 0
27.1499999999998 0 0
27.1600000000002 0 0
27.1700000000004 0 0
27.1800000000004 0 0
27.1900000000003 0 0
27.2000000000002 0 0
27.2100000000002 0 0
27.2200000000002 0 0
27.2300000000002 0 0
27.2400000000001 0 0
27.25 0 0
27.2600000000001 0 0
27.2700000000001 0 0
27.28 0 0
27.29 0 0
27.3 0 0
27.3100000000001 0 0
27.32 0 0
27.33 0 0
27.3399999999999 0 0
27.3500000000001 0 0
27.36 0 0
27.37 0 0
27.3800000000003 0 0
27.3900000000004 0 0
27.4000000000004 0 0
27.4100000000004 0 0
27.4200000000003 0 0
27.4300000000004 0 0
27.4400000000004 0 0
27.4500000000003 0 0
27.4600000000003 0 0
27.4700000000002 0 0
27.4800000000003 0 0
27.4900000000003 0 0
27.5000000000002 0 0
27.5100000000002 0 0
27.5200000000002 0 0
27.5300000000003 0 0
27.5400000000002 0 0
27.5500000000002 0 0
27.5600000000001 0 0
27.5700000000001 0 0
27.5800000000001 0 0
27.59 0 0
27.5999999999999 0 0
27.61 0 0
27.6200000000002 0 0
27.6300000000001 0 0
27.6400000000001 0 0
27.6500000000002 0 0
27.6600000000002 0 0
27.6700000000001 0 0
27.6800000000001 0 0
27.69 0 0
27.7 0 0
27.71 0 0
27.7199999999999 0 0
27.7299999999999 0 0
27.7399999999999 0 0
27.75 0 0
27.7599999999999 0 0
27.7699999999999 0 0
27.7799999999999 0 0
27.7899999999999 0 0
27.7999999999999 0 0
27.8099999999998 0 0
27.8199999999998 0 0
27.83 0 0
27.84 0 0
27.8499999999999 0 0
27.8599999999999 0 0
27.8700000000003 0 0
27.8800000000005 0 0
27.8900000000004 0 0
27.9000000000003 0 0
27.9100000000003 0 0
27.9200000000003 0 0
27.9300000000003 0 0
27.9400000000002 0 0
27.9500000000002 0 0
27.9600000000002 0 0
27.9700000000003 0 0
27.9800000000003 0 0
27.9900000000002 0 0
28.0000000000002 0 0
28.0100000000002 0 0
28.0200000000002 0 0
28.0300000000002 0 0
28.0400000000001 0 0
28.0500000000001 0 0
28.0600000000001 0 0
28.07 0 0
28.08 0 0
28.0900000000002 0 0
28.1000000000004 0 0
28.1100000000003 0 0
28.1200000000003 0 0
28.1300000000002 0 0
28.1400000000002 0 0
28.1500000000003 0 0
28.1600000000002 0 0
28.1700000000002 0 0
28.1800000000001 0 0
28.1900000000001 0 0
28.2000000000001 0 0
28.21 0 0
28.22 0 0
28.2300000000001 0 0
28.2400000000001 0 0
28.25 0 0
28.26 0 0
28.27 0 0
28.28 0 0
28.2899999999999 0 0
28.2999999999999 0 0
28.3100000000001 0 0
28.3200000000002 0 0
28.3300000000002 0 0
28.3400000000002 0 0
28.3500000000001 0 0
28.3600000000002 0 0
28.3700000000002 0 0
28.3800000000001 0 0
28.3900000000001 0 0
28.4 0 0
28.41 0 0
28.42 0 0
28.4299999999999 0 0
28.4399999999999 0 0
28.45 0 0
28.46 0 0
28.4699999999999 0 0
28.4799999999999 0 0
28.4899999999999 0 0
28.4999999999999 0 0
28.5099999999999 0 0
28.5199999999998 0 0
28.5299999999998 0 0
28.54 0 0
28.55 0 0
28.5599999999999 0 0
28.5700000000003 0 0
28.5800000000005 0 0
28.5900000000004 0 0
28.6000000000004 0 0
28.6100000000003 0 0
28.6200000000004 0 0
28.6300000000003 0 0
28.6400000000003 0 0
28.6500000000002 0 0
28.6600000000002 0 0
28.6700000000001 0 0
28.6800000000003 0 0
28.6900000000003 0 0
28.7000000000002 0 0
28.7100000000002 0 0
28.7200000000002 0 0
28.7300000000002 0 0
28.7400000000002 0 0
28.7500000000001 0 0
28.7600000000001 0 0
28.7700000000001 0 0
28.78 0 0
28.79 0 0
28.8000000000002 0 0
28.8100000000004 0 0
28.8200000000003 0 0
28.8300000000002 0 0
28.8400000000002 0 0
28.8500000000003 0 0
28.8600000000003 0 0
28.8700000000002 0 0
28.8800000000001 0 0
28.8900000000001 0 0
28.9000000000001 0 0
28.9100000000001 0 0
28.92 0 0
28.93 0 0
28.9400000000001 0 0
28.9500000000001 0 0
28.96 0 0
28.97 0 0
28.98 0 0
28.99 0 0
28.9999999999999 0 0
29.0099999999999 0 0
29.0200000000001 0 0
29.0300000000003 0 0
29.0400000000002 0 0
29.0500000000002 0 0
29.0600000000001 0 0
29.0700000000002 0 0
29.0800000000002 0 0
29.0900000000001 0 0
29.1000000000001 0 0
29.11 0 0
29.12 0 0
29.13 0 0
29.1399999999999 0 0
29.1499999999999 0 0
29.16 0 0
29.17 0 0
29.1799999999999 0 0
29.1899999999998 0 0
29.1999999999999 0 0
29.2099999999999 0 0
29.2199999999999 0 0
29.2299999999998 0 0
29.2399999999998 0 0
29.25 0 0
29.26 0 0
29.2699999999999 0 0
29.2800000000003 0 0
29.2900000000004 0 0
29.3000000000004 0 0
29.3100000000004 0 0
29.3200000000003 0 0
29.3300000000004 0 0
29.3400000000004 0 0
29.3500000000003 0 0
29.3600000000002 0 0
29.3700000000002 0 0
29.3800000000003 0 0
29.3900000000003 0 0
29.4000000000003 0 0
29.4100000000002 0 0
29.4200000000003 0 0
29.4300000000003 0 0
29.4400000000001 0 0
29.4500000000001 0 0
29.46 0 0
29.4700000000001 0 0
29.48 0 0
29.4899999999999 0 0
29.4999999999999 0 0
29.5100000000001 0 0
29.5200000000004 0 0
29.5300000000003 0 0
29.5400000000003 0 0
29.5500000000003 0 0
29.5600000000003 0 0
29.5700000000003 0 0
29.5800000000002 0 0
29.5900000000002 0 0
29.6000000000001 0 0
29.6100000000001 0 0
29.62 0 0
29.63 0 0
29.6400000000001 0 0
29.6500000000002 0 0
29.6600000000001 0 0
29.6700000000001 0 0
29.68 0 0
29.6900000000001 0 0
29.7 0 0
29.71 0 0
29.7199999999999 0 0
29.7300000000003 0 0
29.7400000000003 0 0
29.7500000000002 0 0
29.7600000000002 0 0
29.7700000000001 0 0
29.7800000000003 0 0
29.7900000000003 0 0
29.8000000000002 0 0
29.8100000000002 0 0
29.8200000000001 0 0
29.8300000000002 0 0
29.8400000000001 0 0
29.85 0 0
29.86 0 0
29.8700000000003 0 0
29.8800000000002 0 0
29.8900000000001 0 0
29.9000000000001 0 0
29.9100000000001 0 0
29.9200000000001 0 0
29.93 0 0
29.94 0 0
29.9499999999999 0 0
29.9599999999999 0 0
29.9699999999998 0 0
29.9799999999998 0 0
29.9900000000001 0 0
30.0000000000004 0 0
30.0100000000003 0 0
30.0200000000003 0 0
30.0300000000002 0 0
30.0400000000002 0 0
30.0500000000002 0 0
30.0600000000002 0 0
30.0700000000001 0 0
30.0800000000001 0 0
30.0900000000001 0 0
30.1000000000001 0 0
30.11 0 0
30.12 0 0
30.1300000000001 0 0
30.1400000000001 0 0
30.15 0 0
30.16 0 0
30.17 0 0
30.18 0 0
30.1899999999999 0 0
30.1999999999999 0 0
30.2100000000002 0 0
30.2200000000004 0 0
30.2300000000004 0 0
30.2400000000004 0 0
30.2500000000003 0 0
30.2600000000003 0 0
30.2700000000003 0 0
30.2800000000003 0 0
30.2900000000002 0 0
30.3000000000002 0 0
30.3100000000001 0 0
30.3200000000001 0 0
30.33 0 0
30.34 0 0
30.3500000000002 0 0
30.3600000000002 0 0
30.3700000000001 0 0
30.3800000000001 0 0
30.39 0 0
30.4000000000001 0 0
30.41 0 0
30.42 0 0
30.4299999999999 0 0
30.4400000000002 0 0
30.4500000000003 0 0
30.4600000000002 0 0
30.4700000000002 0 0
30.4800000000003 0 0
30.4900000000003 0 0
30.5000000000002 0 0
30.5100000000002 0 0
30.5200000000002 0 0
30.5300000000002 0 0
30.5400000000001 0 0
30.5500000000001 0 0
30.56 0 0
30.57 0 0
30.5800000000002 0 0
30.5900000000002 0 0
30.6000000000001 0 0
30.6100000000001 0 0
30.6200000000001 0 0
30.6300000000001 0 0
30.64 0 0
30.65 0 0
30.6599999999999 0 0
30.6699999999999 0 0
30.6799999999998 0 0
30.6899999999998 0 0
30.7000000000002 0 0
30.7100000000004 0 0
30.7200000000003 0 0
30.7300000000003 0 0
30.7400000000002 0 0
30.7500000000002 0 0
30.7600000000003 0 0
30.7700000000002 0 0
30.7800000000001 0 0
30.7900000000001 0 0
30.8000000000001 0 0
30.8100000000001 0 0
30.82 0 0
30.83 0 0
30.8400000000001 0 0
30.8500000000001 0 0
30.86 0 0
30.87 0 0
30.88 0 0
30.89 0 0
30.8999999999999 0 0
30.9099999999999 0 0
30.9200000000002 0 0
30.9300000000005 0 0
30.9400000000004 0 0
30.9500000000004 0 0
30.9600000000003 0 0
30.9700000000003 0 0
30.9800000000003 0 0
30.9900000000003 0 0
31.0000000000002 0 0
31.0100000000002 0 0
31.0200000000001 0 0
31.0300000000001 0 0
31.04 0 0
31.05 0 0
31.0600000000001 0 0
31.0700000000002 0 0
31.0800000000001 0 0
31.0900000000001 0 0
31.1 0 0
31.1100000000001 0 0
31.12 0 0
31.13 0 0
31.14 0 0
31.1500000000002 0 0
31.1600000000003 0 0
31.1700000000002 0 0
31.1800000000002 0 0
31.1900000000003 0 0
31.2000000000003 0 0
31.2100000000002 0 0
31.2200000000002 0 0
31.2300000000002 0 0
31.2400000000002 0 0
31.2500000000001 0 0
31.2600000000001 0 0
31.27 0 0
31.2800000000002 0 0
31.2900000000002 0 0
31.3000000000002 0 0
31.3100000000001 0 0
31.3200000000001 0 0
31.3300000000001 0 0
31.3400000000001 0 0
31.35 0 0
31.36 0 0
31.3699999999999 0 0
31.3799999999999 0 0
31.3899999999998 0 0
31.4000000000001 0 0
31.4100000000004 0 0
31.4200000000004 0 0
31.4300000000003 0 0
31.4400000000003 0 0
31.4500000000003 0 0
31.4600000000003 0 0
31.4700000000003 0 0
31.4800000000002 0 0
31.4900000000001 0 0
31.5000000000001 0 0
31.5100000000001 0 0
31.5200000000001 0 0
31.53 0 0
31.5400000000002 0 0
31.5500000000001 0 0
31.5600000000001 0 0
31.57 0 0
31.58 0 0
31.59 0 0
31.6 0 0
31.6099999999999 0 0
31.6199999999999 0 0
31.6300000000002 0 0
31.6400000000005 0 0
31.6500000000004 0 0
31.6600000000003 0 0
31.6700000000003 0 0
31.6800000000003 0 0
31.6900000000003 0 0
31.7000000000002 0 0
31.7100000000002 0 0
31.7200000000001 0 0
31.7300000000001 0 0
31.7400000000001 0 0
31.75 0 0
31.76 0 0
31.7700000000002 0 0
31.7800000000002 0 0
31.7900000000001 0 0
31.8000000000001 0 0
31.81 0 0
31.8200000000001 0 0
31.83 0 0
31.84 0 0
31.8500000000003 0 0
31.8600000000003 0 0
31.8700000000003 0 0
31.8800000000002 0 0
31.8900000000001 0 0
31.9000000000003 0 0
31.9100000000003 0 0
31.9200000000002 0 0
31.9300000000002 0 0
31.94 0 0
31.9500000000001 0 0
31.96 0 0
31.9699999999999 0 0
31.9799999999999 0 0
31.99 0 0
32 0 0
32.0099999999999 0 0
32.0199999999999 0 0
32.03 0 0
32.04 0 0
32.0499999999999 0 0
32.0599999999999 0 0
32.0699999999998 0 0
32.08 0 0
32.0899999999999 0 0
32.0999999999999 0 0
32.1100000000002 0 0
32.1200000000004 0 0
32.1300000000004 0 0
32.1400000000004 0 0
32.1500000000003 0 0
32.1600000000003 0 0
32.1700000000003 0 0
32.1800000000002 0 0
32.1900000000002 0 0
32.2000000000001 0 0
32.2100000000001 0 0
32.2200000000001 0 0
32.2300000000001 0 0
32.24 0 0
32.2500000000001 0 0
32.2600000000002 0 0
32.2700000000001 0 0
32.2800000000001 0 0
32.29 0 0
32.3000000000001 0 0
32.31 0 0
32.32 0 0
32.3299999999999 0 0
32.3400000000003 0 0
32.3500000000004 0 0
32.3600000000004 0 0
32.3700000000003 0 0
32.3800000000005 0 0
32.3900000000004 0 0
32.4000000000004 0 0
32.4100000000003 0 0
32.4200000000003 0 0
32.4300000000003 0 0
32.4400000000003 0 0
32.4500000000003 0 0
32.4600000000002 0 0
32.4700000000002 0 0
32.4800000000004 0 0
32.4900000000003 0 0
32.5000000000003 0 0
32.5100000000002 0 0
32.5200000000003 0 0
32.5300000000002 0 0
32.5400000000002 0 0
32.5500000000001 0 0
32.5600000000001 0 0
32.5700000000002 0 0
32.5800000000001 0 0
32.5900000000001 0 0
32.6 0 0
32.6100000000002 0 0
32.6200000000002 0 0
32.6300000000001 0 0
32.6400000000001 0 0
32.65 0 0
32.6600000000001 0 0
32.67 0 0
32.68 0 0
32.6899999999999 0 0
32.7 0 0
32.71 0 0
32.7199999999999 0 0
32.7299999999999 0 0
32.74 0 0
32.7499999999999 0 0
32.7599999999999 0 0
32.7699999999999 0 0
32.7799999999998 0 0
32.7899999999999 0 0
32.7999999999999 0 0
32.8099999999998 0 0
32.8200000000002 0 0
32.8300000000004 0 0
32.8400000000004 0 0
32.8500000000004 0 0
32.8600000000003 0 0
32.8700000000002 0 0
32.8800000000003 0 0
32.8900000000002 0 0
32.9000000000002 0 0
32.9100000000001 0 0
32.9200000000001 0 0
32.9300000000001 0 0
32.94 0 0
32.95 0 0
32.9600000000001 0 0
32.9700000000002 0 0
32.9800000000001 0 0
32.9900000000001 0 0
33 0 0
33.0100000000001 0 0
33.02 0 0
33.03 0 0
33.04 0 0
33.0500000000004 0 0
33.0600000000004 0 0
33.0700000000004 0 0
33.0800000000003 0 0
33.0900000000005 0 0
33.1000000000004 0 0
33.1100000000004 0 0
33.1200000000003 0 0
33.1300000000003 0 0
33.1400000000004 0 0
33.1500000000003 0 0
33.1600000000003 0 0
33.1700000000002 0 0
33.1800000000004 0 0
33.1900000000004 0 0
33.2000000000003 0 0
33.2100000000003 0 0
33.2200000000002 0 0
33.2300000000003 0 0
33.2400000000002 0 0
33.2500000000002 0 0
33.2600000000001 0 0
33.2700000000001 0 0
33.2800000000002 0 0
33.2900000000001 0 0
33.3000000000001 0 0
33.31 0 0
33.3200000000002 0 0
33.3300000000002 0 0
33.3400000000001 0 0
33.3500000000001 0 0
33.3600000000001 0 0
33.3700000000001 0 0
33.38 0 0
33.39 0 0
33.3999999999999 0 0
33.41 0 0
33.4199999999999 0 0
33.4299999999999 0 0
33.44 0 0
33.45 0 0
33.46 0 0
33.4699999999999 0 0
33.4799999999999 0 0
33.49 0 0
33.5 0 0
33.51 0 0
33.5199999999999 0 0
33.5300000000003 0 0
33.5400000000005 0 0
33.5500000000004 0 0
33.5600000000004 0 0
33.5700000000003 0 0
33.5800000000004 0 0
33.5900000000004 0 0
33.6000000000003 0 0
33.6100000000003 0 0
33.6200000000002 0 0
33.6300000000004 0 0
33.6400000000003 0 0
33.6500000000003 0 0
33.6600000000002 0 0
33.6700000000004 0 0
33.6800000000003 0 0
33.6900000000003 0 0
33.7000000000002 0 0
33.7100000000002 0 0
33.7200000000002 0 0
33.7300000000002 0 0
33.7400000000001 0 0
33.7500000000002 0 0
33.7600000000004 0 0
33.7700000000003 0 0
33.7800000000002 0 0
33.7900000000002 0 0
33.8000000000003 0 0
33.8100000000003 0 0
33.8200000000003 0 0
33.8300000000002 0 0
33.8400000000002 0 0
33.8500000000002 0 0
33.8600000000001 0 0
33.8700000000001 0 0
33.88 0 0
33.8900000000002 0 0
33.9000000000002 0 0
33.9100000000001 0 0
33.92 0 0
33.9300000000001 0 0
33.9400000000001 0 0
33.95 0 0
33.96 0 0
33.9699999999999 0 0
33.9800000000003 0 0
33.9900000000002 0 0
34.0000000000002 0 0
34.0100000000001 0 0
34.0200000000002 0 0
34.0300000000002 0 0
34.0400000000002 0 0
34.0500000000001 0 0
34.0600000000001 0 0
34.0700000000001 0 0
34.0800000000001 0 0
34.09 0 0
34.0999999999999 0 0
34.11 0 0
34.12 0 0
34.13 0 0
34.1399999999999 0 0
34.15 0 0
34.16 0 0
34.17 0 0
34.1799999999999 0 0
34.1899999999999 0 0
34.2 0 0
34.21 0 0
34.22 0 0
34.2299999999999 0 0
34.2400000000003 0 0
34.2500000000005 0 0
34.2600000000004 0 0
34.2700000000004 0 0
34.2800000000004 0 0
34.2900000000004 0 0
34.3000000000004 0 0
34.3100000000003 0 0
34.3200000000003 0 0
34.3300000000003 0 0
34.3400000000004 0 0
34.3500000000003 0 0
34.3600000000003 0 0
34.3700000000002 0 0
34.3800000000004 0 0
34.3900000000003 0 0
34.4000000000003 0 0
34.4100000000002 0 0
34.4200000000002 0 0
34.4300000000002 0 0
34.4400000000002 0 0
34.4500000000001 0 0
34.4600000000002 0 0
34.4700000000003 0 0
34.4800000000003 0 0
34.4900000000002 0 0
34.5000000000002 0 0
34.5100000000003 0 0
34.5200000000003 0 0
34.5300000000003 0 0
34.5400000000002 0 0
34.5500000000002 0 0
34.5600000000002 0 0
34.5700000000001 0 0
34.5800000000001 0 0
34.59 0 0
34.6000000000002 0 0
34.6100000000001 0 0
34.6200000000001 0 0
34.63 0 0
34.6400000000001 0 0
34.6500000000001 0 0
34.66 0 0
34.67 0 0
34.6800000000001 0 0
34.6900000000002 0 0
34.7000000000002 0 0
34.7100000000002 0 0
34.7200000000001 0 0
34.7300000000003 0 0
34.7400000000002 0 0
34.7500000000002 0 0
34.7600000000001 0 0
34.7700000000001 0 0
34.7800000000001 0 0
34.7900000000001 0 0
34.8 0 0
34.81 0 0
34.82 0 0
34.83 0 0
34.84 0 0
34.8499999999999 0 0
34.86 0 0
34.8700000000001 0 0
34.88 0 0
34.8899999999999 0 0
34.8999999999999 0 0
34.91 0 0
34.92 0 0
34.9299999999999 0 0
34.9400000000003 0 0
34.9500000000004 0 0
34.9600000000004 0 0
34.9700000000004 0 0
34.9800000000004 0 0
34.9900000000004 0 0
35.0000000000004 0 0
35.0100000000004 0 0
35.0200000000003 0 0
35.0300000000003 0 0
35.0400000000004 0 0
35.0500000000004 0 0
35.0600000000003 0 0
35.0700000000003 0 0
35.0800000000004 0 0
35.0900000000004 0 0
35.1000000000003 0 0
35.1100000000003 0 0
35.1200000000002 0 0
35.1300000000003 0 0
35.1400000000002 0 0
35.1500000000002 0 0
35.1600000000001 0 0
35.1700000000002 0 0
35.1800000000003 0 0
35.1900000000003 0 0
35.2000000000002 0 0
35.2100000000003 0 0
35.2200000000003 0 0
35.2300000000003 0 0
35.2400000000003 0 0
35.2500000000002 0 0
35.2600000000002 0 0
35.2700000000002 0 0
35.2800000000001 0 0
35.2900000000001 0 0
35.3 0 0
35.3100000000003 0 0
35.3200000000002 0 0
35.3300000000001 0 0
35.3400000000002 0 0
35.3500000000002 0 0
35.3600000000002 0 0
35.3700000000001 0 0
35.3800000000001 0 0
35.3900000000003 0 0
35.4000000000003 0 0
35.4100000000002 0 0
35.4200000000002 0 0
35.4300000000001 0 0
35.4400000000003 0 0
35.4500000000003 0 0
35.4600000000002 0 0
35.4700000000002 0 0
35.4800000000002 0 0
35.4900000000002 0 0
35.5000000000002 0 0
35.5100000000001 0 0
35.5200000000001 0 0
35.5300000000003 0 0
35.5400000000002 0 0
35.5500000000002 0 0
35.5600000000001 0 0
35.5700000000002 0 0
35.5800000000002 0 0
35.5900000000001 0 0
35.6000000000001 0 0
35.61 0 0
35.62 0 0
35.63 0 0
35.6399999999999 0 0
35.6500000000002 0 0
35.6600000000004 0 0
35.6700000000004 0 0
35.6800000000003 0 0
35.6900000000003 0 0
35.7000000000003 0 0
35.7100000000003 0 0
35.7200000000003 0 0
35.7300000000002 0 0
35.7400000000002 0 0
35.7500000000001 0 0
35.7600000000001 0 0
35.7700000000001 0 0
35.78 0 0
35.7900000000002 0 0
35.8000000000002 0 0
35.8100000000001 0 0
35.8200000000001 0 0
35.8300000000001 0 0
35.8400000000001 0 0
35.8500000000001 0 0
35.86 0 0
35.87 0 0
35.8800000000002 0 0
35.8900000000004 0 0
35.9000000000004 0 0
35.9100000000003 0 0
35.9200000000004 0 0
35.9300000000004 0 0
35.9400000000003 0 0
35.9500000000003 0 0
35.9600000000002 0 0
35.9700000000002 0 0
35.9800000000002 0 0
35.9900000000001 0 0
36.0000000000001 0 0
36.0100000000002 0 0
36.0200000000002 0 0
36.0300000000002 0 0
36.0400000000001 0 0
36.0500000000002 0 0
36.0600000000002 0 0
36.0700000000001 0 0
36.0800000000001 0 0
36.09 0 0
36.1000000000003 0 0
36.1100000000003 0 0
36.1200000000002 0 0
36.1300000000002 0 0
36.1400000000002 0 0
36.1500000000003 0 0
36.1600000000003 0 0
36.1700000000002 0 0
36.1800000000002 0 0
36.1900000000002 0 0
36.2000000000002 0 0
36.2100000000002 0 0
36.2200000000001 0 0
36.2300000000001 0 0
36.2400000000003 0 0
36.2500000000002 0 0
36.2600000000002 0 0
36.2700000000002 0 0
36.2800000000002 0 0
36.2900000000002 0 0
36.3000000000001 0 0
36.3100000000001 0 0
36.32 0 0
36.3300000000001 0 0
36.34 0 0
36.3499999999999 0 0
36.3600000000002 0 0
36.3700000000004 0 0
36.3800000000003 0 0
36.3900000000003 0 0
36.4000000000002 0 0
36.4100000000003 0 0
36.4200000000003 0 0
36.4300000000003 0 0
36.4400000000002 0 0
36.4500000000002 0 0
36.4600000000001 0 0
36.4700000000001 0 0
36.4800000000001 0 0
36.49 0 0
36.5000000000002 0 0
36.5100000000002 0 0
36.5200000000001 0 0
36.5300000000001 0 0
36.5400000000001 0 0
36.5500000000001 0 0
36.5600000000001 0 0
36.57 0 0
36.5800000000002 0 0
36.5900000000004 0 0
36.6000000000004 0 0
36.6100000000004 0 0
36.6200000000003 0 0
36.6300000000004 0 0
36.6400000000004 0 0
36.6500000000003 0 0
36.6600000000003 0 0
36.6700000000002 0 0
36.6800000000002 0 0
36.6900000000002 0 0
36.7000000000001 0 0
36.7100000000001 0 0
36.7200000000002 0 0
36.7300000000002 0 0
36.7400000000002 0 0
36.7500000000001 0 0
36.7600000000001 0 0
36.7700000000002 0 0
36.7800000000001 0 0
36.7900000000001 0 0
36.8000000000001 0 0
36.8100000000003 0 0
36.8200000000003 0 0
36.8300000000002 0 0
36.8400000000002 0 0
36.8500000000003 0 0
36.8600000000003 0 0
36.8700000000003 0 0
36.8800000000002 0 0
36.8900000000002 0 0
36.9000000000003 0 0
36.9100000000002 0 0
36.9200000000002 0 0
36.9300000000001 0 0
36.9400000000002 0 0
36.9500000000003 0 0
36.9600000000002 0 0
36.9700000000002 0 0
36.9800000000002 0 0
36.9900000000003 0 0
37.0000000000002 0 0
37.0100000000002 0 0
37.0200000000001 0 0
37.0300000000001 0 0
37.0400000000001 0 0
37.05 0 0
37.06 0 0
37.0700000000002 0 0
37.0800000000004 0 0
37.0900000000003 0 0
37.1000000000003 0 0
37.1100000000003 0 0
37.1200000000003 0 0
37.1300000000003 0 0
37.1400000000003 0 0
37.1500000000002 0 0
37.1600000000002 0 0
37.1700000000002 0 0
37.1800000000001 0 0
37.1900000000001 0 0
37.2 0 0
37.2100000000003 0 0
37.2200000000002 0 0
37.2300000000002 0 0
37.2400000000002 0 0
37.2500000000001 0 0
37.2600000000002 0 0
37.2700000000001 0 0
37.2800000000001 0 0
37.2900000000004 0 0
37.3000000000004 0 0
37.3100000000004 0 0
37.3200000000003 0 0
37.3300000000003 0 0
37.3400000000005 0 0
37.3500000000004 0 0
37.3600000000004 0 0
37.3700000000003 0 0
37.3800000000003 0 0
37.3900000000004 0 0
37.4000000000003 0 0
37.4100000000003 0 0
37.4200000000002 0 0
37.4300000000004 0 0
37.4400000000004 0 0
37.4500000000004 0 0
37.4600000000003 0 0
37.4700000000003 0 0
37.4800000000003 0 0
37.4900000000003 0 0
37.5000000000002 0 0
37.5100000000002 0 0
37.5200000000002 0 0
37.5300000000001 0 0
37.5400000000001 0 0
37.55 0 0
37.5600000000002 0 0
37.5700000000003 0 0
37.5800000000002 0 0
37.5900000000002 0 0
37.6000000000001 0 0
37.6100000000002 0 0
37.6200000000001 0 0
37.6300000000001 0 0
37.64 0 0
37.65 0 0
37.6600000000001 0 0
37.67 0 0
37.68 0 0
37.6900000000001 0 0
37.7000000000001 0 0
37.71 0 0
37.72 0 0
37.7299999999999 0 0
37.74 0 0
37.75 0 0
37.7599999999999 0 0
37.7699999999999 0 0
37.7800000000004 0 0
37.7900000000004 0 0
37.8000000000004 0 0
37.8100000000003 0 0
37.8200000000003 0 0
37.8300000000004 0 0
37.8400000000003 0 0
37.8500000000003 0 0
37.8600000000002 0 0
37.8700000000002 0 0
37.8800000000002 0 0
37.8900000000001 0 0
37.9000000000001 0 0
37.9100000000002 0 0
37.9200000000003 0 0
37.9300000000002 0 0
37.9400000000002 0 0
37.9500000000002 0 0
37.9600000000002 0 0
37.9700000000002 0 0
37.9800000000001 0 0
37.9900000000001 0 0
38.0000000000003 0 0
38.0100000000004 0 0
38.0200000000004 0 0
38.0300000000003 0 0
38.0400000000005 0 0
38.0500000000005 0 0
38.0600000000004 0 0
38.0700000000004 0 0
38.0800000000003 0 0
38.0900000000003 0 0
38.1000000000003 0 0
38.1100000000003 0 0
38.1200000000002 0 0
38.1300000000002 0 0
38.1400000000004 0 0
38.1500000000004 0 0
38.1600000000003 0 0
38.1700000000003 0 0
38.1800000000003 0 0
38.1900000000003 0 0
38.2000000000003 0 0
38.2100000000002 0 0
38.2200000000002 0 0
38.2300000000002 0 0
38.2400000000001 0 0
38.2500000000001 0 0
38.26 0 0
38.2700000000003 0 0
38.2800000000003 0 0
38.2900000000002 0 0
38.3000000000002 0 0
38.3100000000001 0 0
38.3200000000002 0 0
38.3300000000001 0 0
38.3400000000001 0 0
38.35 0 0
38.3600000000001 0 0
38.3700000000001 0 0
38.38 0 0
38.39 0 0
38.4000000000001 0 0
38.4100000000001 0 0
38.42 0 0
38.43 0 0
38.44 0 0
38.45 0 0
38.46 0 0
38.4699999999999 0 0
38.4800000000002 0 0
38.4900000000004 0 0
38.5000000000004 0 0
38.5100000000004 0 0
38.5200000000003 0 0
38.5300000000003 0 0
38.5400000000004 0 0
38.5500000000003 0 0
38.5600000000003 0 0
38.5700000000002 0 0
38.5800000000002 0 0
38.5900000000002 0 0
38.6000000000001 0 0
38.6100000000001 0 0
38.6200000000002 0 0
38.6300000000003 0 0
38.6400000000002 0 0
38.6500000000002 0 0
38.6600000000002 0 0
38.6700000000002 0 0
38.6800000000002 0 0
38.6900000000001 0 0
38.7000000000001 0 0
38.7100000000004 0 0
38.7200000000004 0 0
38.7300000000004 0 0
38.7400000000003 0 0
38.7500000000005 0 0
38.7600000000004 0 0
38.7700000000004 0 0
38.7800000000003 0 0
38.7900000000003 0 0
38.8000000000003 0 0
38.8100000000003 0 0
38.8200000000003 0 0
38.8300000000002 0 0
38.8400000000004 0 0
38.8500000000005 0 0
38.8600000000004 0 0
38.8700000000004 0 0
38.8800000000004 0 0
38.8900000000003 0 0
38.9000000000003 0 0
38.9100000000002 0 0
38.9200000000002 0 0
38.9300000000001 0 0
38.9400000000002 0 0
38.9500000000001 0 0
38.9600000000001 0 0
38.97 0 0
38.9800000000003 0 0
38.9900000000002 0 0
39.0000000000002 0 0
39.0100000000002 0 0
39.0200000000002 0 0
39.0300000000002 0 0
39.0400000000002 0 0
39.0500000000001 0 0
39.0600000000001 0 0
39.0700000000001 0 0
39.08 0 0
39.09 0 0
39.0999999999999 0 0
39.1100000000001 0 0
39.1200000000001 0 0
39.1300000000001 0 0
39.14 0 0
39.15 0 0
39.16 0 0
39.17 0 0
39.1799999999999 0 0
39.1900000000002 0 0
39.2000000000005 0 0
39.2100000000004 0 0
39.2200000000004 0 0
39.2300000000003 0 0
39.2400000000004 0 0
39.2500000000003 0 0
39.2600000000003 0 0
39.2700000000002 0 0
39.2800000000002 0 0
39.2900000000002 0 0
39.3000000000002 0 0
39.3100000000001 0 0
39.3200000000001 0 0
39.3300000000005 0 0
39.3400000000005 0 0
39.3500000000004 0 0
39.3600000000004 0 0
39.3700000000003 0 0
39.3800000000004 0 0
39.3900000000003 0 0
39.4000000000003 0 0
39.4100000000003 0 0
39.4200000000003 0 0
39.4300000000003 0 0
39.4400000000002 0 0
39.4500000000002 0 0
39.4600000000004 0 0
39.4700000000004 0 0
39.4800000000003 0 0
39.4900000000003 0 0
39.5000000000002 0 0
39.5100000000002 0 0
39.5200000000002 0 0
39.5300000000002 0 0
39.5400000000001 0 0
39.5500000000002 0 0
39.5600000000002 0 0
39.5700000000002 0 0
39.5800000000001 0 0
39.5900000000003 0 0
39.6000000000002 0 0
39.6100000000002 0 0
39.6200000000001 0 0
39.6300000000001 0 0
39.6400000000002 0 0
39.6500000000002 0 0
39.6600000000002 0 0
39.6700000000001 0 0
39.6800000000003 0 0
39.6900000000003 0 0
39.7000000000002 0 0
39.7100000000002 0 0
39.7200000000001 0 0
39.7300000000002 0 0
39.7400000000001 0 0
39.7500000000001 0 0
39.7600000000001 0 0
39.77 0 0
39.7800000000001 0 0
39.79 0 0
39.8 0 0
39.8100000000001 0 0
39.8200000000001 0 0
39.8300000000001 0 0
39.8400000000001 0 0
39.85 0 0
39.8600000000001 0 0
39.87 0 0
39.88 0 0
39.8899999999999 0 0
39.9000000000003 0 0
39.9100000000005 0 0
39.9200000000004 0 0
39.9300000000004 0 0
39.9400000000003 0 0
39.9500000000005 0 0
39.9600000000004 0 0
39.9700000000004 0 0
39.9800000000003 0 0
39.9900000000004 0 0
40.0000000000004 0 0
